Day: 0, Calories: 2888.0, Protein: 119.25999999999998, Carbs: 324.56, Fat: 78.74999999999999, Pond: 1.9052558883257649

Day: 1, Calories: 2888.0, Protein: 1.3000000000000003, Carbs: 324.48999999999995, Fat: 79.48, Pond: 2.519920633670831

Day: 2, Calories: 2870.0, Protein: 61.35, Carbs: 324.95000000000005, Fat: 79.99999999999999, Pond: 2.5019992006393608

Day: 3, Calories: 2888.0, Protein: 8.72, Carbs: 320.27, Fat: 79.54999999999998, Pond: 2.3388031127052997

Day: 4, Calories: 2776.0, Protein: 60.77999999999999, Carbs: 324.9800000000001, Fat: 79.90999999999997, Pond: 2.2538855339169293

Day: 5, Calories: 2335.0, Protein: 38.17, Carbs: 324.89000000000004, Fat: 80.0, Pond: 1.688194301613413

Day: 6, Calories: 2742.0, Protein: 51.56000000000001, Carbs: 324.96, Fat: 79.55, Pond: 2.5019992006393608

f1: 913.3601852538799
f2: 0.0
Execution Time: 3.1739518642425537
Solution: [2220 5560 4549 5251 5057 5514 5591 5252 5058 5515 5176 5273 5163 368 5594
 5350 4945 5486 5070 5365 5321 5516 5340 5367 5062 5517 5361 5369 5152
 5462 5363 5229 4956 5551 5469 5333 5159 5518 1808 5301 5170 5520 1858
 5309 5158 5444 5300 5313 4958 5463 2157 5349 5162 5521 5336 5522 5160
 5453 5341 5523 5161 5452 5345 5524 2241 2439 5472 5483 2886 5455 5475
 5173 5150 963 5470 5174 5285 5493 5478 5175 2238 2438 5528 None 2934 5456
 5529 None 230 5481 None None 5059 5355 None None 2239 354 5447 5228 2653
 5448 5435 None 5061 5458 5180 None 233 5507 5272 None]