NSGA-II - Instance 2E - AE 2 - Column Crossover            
f1 objective:
    Median: 506.39386124847823
    Max: 640.1297134393507
    Min: 402.5500287025354
    Std. Dev.: 60.78156271691003
                    
f2 objective:
    Median: 0.0
    Max: 110.0
    Min: 0.0
    Std. Dev.: 23.01033229016565

Execution times:
    Median: 6.487845301628113
    Max: 8.217275619506836
    Min: 6.070130109786987
    Std. Dev.: 0.4598558172745244            
    
Algorithm data:
    Algorithm: NSGA-II
    Executions: 30
    Population size: 100
    Offspring population size: 2
    Mutation probability: 0.01
    Crossover probability: 0.3
    Crossover type: Column Crossover
    Probability of parent: 0.25
    Number of evaluations: 1000
    Execution time: 6.676171541213989
                    
Problem data:
    Number of days: 7
    Number of meals: 4
    Max portions: 4
                    
Model objective:
    Calories: 2888.0
    Protein: 217.0
    Carbs: 325.0
    Fat: 80.0
                    
Model Hiperparameters:
    Alpha: 1.0
    Beta: 1.0
    Gamma: 0.75
    Delta: 100.0
    Sigma: 10.0
                    
All f1: [506.39386124847823, 521.4453286886658, 531.890659050991, 640.1297134393507, 603.3952142563292, 476.0308866541922, 556.5709256753036, 403.45727791361, 475.0475233428048, 461.6977812902829, 488.5415408814196, 463.41902972104117, 430.4520729482449, 453.7912479632453, 514.933419096818, 402.5500287025354, 478.76479077626504, 423.6686321155354, 518.1002006137633, 515.9037299189371, 506.83116891164116, 421.01962448246957, 502.92315579925963, 423.78409784085886, 488.7106292053045, 482.5375265258704, 465.3015621872261, 527.9105124424111, 437.59086034107526, 538.1855918592904, 480.35455041653137, 410.4865351529013, 506.92993733728304, 605.950384577251, 630.7984639737317, 509.4363752650002, 564.0474432019608, 461.5322440301815, 585.3096353065257, 582.122156717039, 563.5590293553466, 576.7647179920815, 535.1223142967596]
All f2: [0.0, 10.0, 0.0, 0.0, 10.0, 0.0, 0.0, 0.0, 0.0, 10.0, 0.0, 10.0, 0.0, 10.0, 0.0, 0.0, 0.0, 10.0, 0.0, 10.0, 0.0, 0.0, 0.0, 0.0, 0.0, 10.0, 0.0, 0.0, 10.0, 0.0, 0.0, 0.0, 0.0, 0.0, 0.0, 110.0, 10.0, 0.0, 0.0, 0.0, 110.0, 10.0, 0.0]
All execution times: [6.228006839752197, 6.088093042373657, 6.070130109786987, 6.312013149261475, 6.533129453659058, 6.5647406578063965, 6.484110116958618, 6.480802059173584, 6.462560176849365, 6.457680702209473, 6.514879465103149, 6.394617080688477, 6.450340986251831, 6.43143105506897, 6.369166851043701, 6.413041353225708, 6.483882188796997, 6.471197843551636, 6.733725309371948, 6.491580486297607, 6.551102638244629, 7.28536057472229, 6.99982213973999, 8.217275619506836, 7.769746780395508, 6.8008503913879395, 6.849242925643921, 7.320192337036133, 6.96456241607666, 6.676171541213989]
All pareto fronts: [array([[506.39386125,   0.        ]]), array([[521.44532869,  10.        ],
       [531.89065905,   0.        ]]), array([[640.12971344,   0.        ],
       [603.39521426,  10.        ]]), array([[476.03088665,   0.        ]]), array([[556.57092568,   0.        ]]), array([[403.45727791,   0.        ]]), array([[475.04752334,   0.        ],
       [461.69778129,  10.        ]]), array([[488.54154088,   0.        ],
       [463.41902972,  10.        ]]), array([[430.45207295,   0.        ]]), array([[453.79124796,  10.        ],
       [514.9334191 ,   0.        ]]), array([[402.5500287,   0.       ]]), array([[478.76479078,   0.        ],
       [423.66863212,  10.        ]]), array([[518.10020061,   0.        ],
       [515.90372992,  10.        ]]), array([[506.83116891,   0.        ]]), array([[421.01962448,   0.        ]]), array([[502.9231558,   0.       ]]), array([[423.78409784,   0.        ]]), array([[488.71062921,   0.        ],
       [482.53752653,  10.        ]]), array([[465.30156219,   0.        ]]), array([[527.91051244,   0.        ],
       [437.59086034,  10.        ]]), array([[538.18559186,   0.        ]]), array([[480.35455042,   0.        ]]), array([[410.48653515,   0.        ]]), array([[506.92993734,   0.        ]]), array([[605.95038458,   0.        ]]), array([[630.79846397,   0.        ],
       [509.43637527, 110.        ],
       [564.0474432 ,  10.        ]]), array([[461.53224403,   0.        ]]), array([[585.30963531,   0.        ]]), array([[582.12215672,   0.        ],
       [563.55902936, 110.        ],
       [576.76471799,  10.        ]]), array([[535.1223143,   0.       ]])]

First front solutions: [5511, 5531, 82, 3639, 488, 2212, 138, 721, 3725, 5310, 2530, 512, 4010, 4299, 3838, 5451, 5055, 4021, 4092, 614, 144, 5616, 2199, 563, 1928, 1970, 1202, 3190, 2783, 4199, 4470, 2804, 491, 2873, 1317, 4630, 4541, 5041, 5541, 854, 2389, 1856, 606, 4892, 3144, 839, 1356, 5037, 3376, 999, 674, 567, 2461, 904, 174, 1426, 543, 3375, 3288, 4407, 4058, 2970, 969, 3246, 257, 2034, 1967, 1017, 93, 2033, 2156, 4501, 5617, 100, 2366, 4840, 2801, 2936, 166, 1137, 3161, 2779, 2834, 4584, 1353, 5173, 5503, 4580, 479, 263, 3195, 594, 2509, 2171, 4685, 1262, 2344, 4755, 2745, 5157, 4598, 5418, 3109, 1517, 1893, 1105, 1937, 5071, 2507, 4264, 947, 1561]