NSGA-II - Instance 1E - AE 2 - Column Crossover            
f1 objective:
    Median: 357.6619398451522
    Max: 465.97051709640846
    Min: 248.91323956617768
    Std. Dev.: 57.56309687992753
                    
f2 objective:
    Median: 0.0
    Max: 120.0
    Min: 0.0
    Std. Dev.: 24.420726485634447

Execution times:
    Median: 6.208160400390625
    Max: 6.537720203399658
    Min: 5.911841154098511
    Std. Dev.: 0.16734091838348533            
    
Algorithm data:
    Algorithm: NSGA-II
    Executions: 30
    Population size: 100
    Offspring population size: 2
    Mutation probability: 0.01
    Crossover probability: 0.3
    Crossover type: Column Crossover
    Probability of parent: 0.25
    Number of evaluations: 1000
    Execution time: 6.379737615585327
                    
Problem data:
    Number of days: 7
    Number of meals: 4
    Max portions: 4
                    
Model objective:
    Calories: 2385.0
    Protein: 179.0
    Carbs: 238.0
    Fat: 79.0
                    
Model Hiperparameters:
    Alpha: 1.0
    Beta: 1.0
    Gamma: 0.75
    Delta: 100.0
    Sigma: 10.0
                    
All f1: [459.0717232337197, 447.85752922152415, 465.97051709640846, 343.5496598304395, 362.5276897757423, 372.93486208401515, 385.9518453728052, 402.90811116044927, 403.14266607003145, 299.88260286265995, 364.22942787115096, 428.84816644528416, 415.50754120095786, 284.7837150556683, 280.2575686043127, 363.75527166409233, 352.79618991456204, 304.69555737793974, 432.952182689136, 430.88223322901723, 457.1584439398313, 329.66118869300107, 333.1049267759822, 263.82344696366476, 341.05017844036695, 318.223492785443, 350.4686417007178, 423.5852224409687, 373.09805640291137, 349.4128899706614, 437.72529552095887, 462.4213148900112, 304.8511895983206, 248.91323956617768, 347.4781666981834, 283.32587770195494, 335.2252488252768, 351.1673584668747, 305.86740442768837, 370.39993559897346, 383.67487630417133, 339.2753376299585]
All f2: [10.0, 20.0, 0.0, 0.0, 0.0, 0.0, 10.0, 0.0, 0.0, 0.0, 0.0, 0.0, 10.0, 0.0, 10.0, 0.0, 0.0, 10.0, 110.0, 120.0, 0.0, 10.0, 0.0, 0.0, 0.0, 0.0, 0.0, 0.0, 10.0, 0.0, 0.0, 0.0, 10.0, 0.0, 0.0, 0.0, 0.0, 0.0, 0.0, 10.0, 0.0, 0.0]
All execution times: [5.9140355587005615, 6.0608086585998535, 6.1848766803741455, 6.2935590744018555, 6.3400633335113525, 6.2157371044158936, 6.205003976821899, 5.911841154098511, 6.0670342445373535, 6.450222730636597, 6.290142059326172, 6.0042479038238525, 6.0544328689575195, 6.211316823959351, 5.99993371963501, 6.084550857543945, 6.106378793716431, 6.484120607376099, 6.072493553161621, 6.117348909378052, 6.224713087081909, 6.105048656463623, 6.1827712059021, 6.471997261047363, 6.537720203399658, 6.376394510269165, 6.275104284286499, 6.366101980209351, 6.349040746688843, 6.379737615585327]
All pareto fronts: [array([[459.07172323,  10.        ],
       [447.85752922,  20.        ],
       [465.9705171 ,   0.        ]]), array([[343.54965983,   0.        ]]), array([[362.52768978,   0.        ]]), array([[372.93486208,   0.        ]]), array([[385.95184537,  10.        ],
       [402.90811116,   0.        ]]), array([[403.14266607,   0.        ]]), array([[299.88260286,   0.        ]]), array([[364.22942787,   0.        ]]), array([[428.84816645,   0.        ],
       [415.5075412 ,  10.        ]]), array([[284.78371506,   0.        ],
       [280.2575686 ,  10.        ]]), array([[363.75527166,   0.        ]]), array([[352.79618991,   0.        ],
       [304.69555738,  10.        ]]), array([[432.95218269, 110.        ],
       [430.88223323, 120.        ],
       [457.15844394,   0.        ]]), array([[329.66118869,  10.        ],
       [333.10492678,   0.        ]]), array([[263.82344696,   0.        ]]), array([[341.05017844,   0.        ]]), array([[318.22349279,   0.        ]]), array([[350.4686417,   0.       ]]), array([[423.58522244,   0.        ],
       [373.0980564 ,  10.        ]]), array([[349.41288997,   0.        ]]), array([[437.72529552,   0.        ]]), array([[462.42131489,   0.        ],
       [304.8511896 ,  10.        ]]), array([[248.91323957,   0.        ]]), array([[347.4781667,   0.       ]]), array([[283.3258777,   0.       ]]), array([[335.22524883,   0.        ]]), array([[351.16735847,   0.        ]]), array([[305.86740443,   0.        ]]), array([[370.3999356,  10.       ],
       [383.6748763,   0.       ]]), array([[339.27533763,   0.        ]])]

First front solutions: [5414, 638, 4379, 1089, 1561, 4904, 694, 951, 2014, 3118, 4507, 4185, 858, 2987, 5572, 3956, 5273, 5569, 5618, 1284, 388, 2106, 3134, 3175, 2573, 593, 1994, 1191, 4267, 4149, 3095, 4476, 1035, 5369, 1532, 4129, 4593, 5234, 1405, 2672, 1463, 5186, 374, 103, 3834, 230, 3260, 3308, 5094, 4040, 1371, 2094, 1825, 44, 5579, 3676, 3931, 1398, 4, 1007, 5079, 3288, 107, 4369, 1493, 4776, 1249, 495, 2854, 3811, 5301, 1551, 65, 2013, 2116, 85, 4670, 451, 4779, 1616, 93, 3381, 5250, 3828, 272, 3417, 3538, 1823, 3664, 1601, 4056, 5324, 4660, 2041, 3660, 2034, 5285, 4089, 993, 2749, 5197, 1181, 5018, 4653, 5437, 4343, 3556, 3871, 4205, 1, 4544, 2328]