NSGA-II - Instance 1 - AE 16 - Row Crossover            
f1 objective:
    Median: 594.0396049753454
    Max: 918.9041367469675
    Min: 401.6250438627149
    Std. Dev.: 116.18652405294817
                    
f2 objective:
    Median: 5.0
    Max: 130.0
    Min: 0.0
    Std. Dev.: 26.676560664540112

Execution times:
    Median: 5.965100646018982
    Max: 6.636018753051758
    Min: 5.739350080490112
    Std. Dev.: 0.154362446678928            
    
Algorithm data:
    Algorithm: NSGA-II
    Executions: 30
    Population size: 100
    Offspring population size: 2
    Mutation probability: 0.1
    Crossover probability: 0.8
    Crossover type: Row Crossover
    Probability of parent: 0.25
    Number of evaluations: 1000
    Execution time: 6.052901268005371
                    
Problem data:
    Number of days: 7
    Number of meals: 4
    Max portions: 4
                    
Model objective:
    Calories: 2000.0
    Protein: 153.0
    Carbs: 205.0
    Fat: 68.0
                    
Model Hiperparameters:
    Alpha: 1.0
    Beta: 1.0
    Gamma: 0.75
    Delta: 100.0
    Sigma: 10.0
                    
All f1: [568.9967147414703, 675.0977212498972, 732.5832124817001, 666.3829280390289, 474.0173467648469, 545.6640563188175, 484.7956259181873, 593.1246841923182, 477.1784279213122, 511.8637122293606, 452.66864148214546, 597.487893941407, 593.6120057878073, 571.2874840896757, 591.1432429389797, 594.4672041628834, 786.872510339705, 681.6206548961238, 705.57158724597, 584.1763861868924, 918.9041367469675, 679.912815881265, 717.3266324343701, 843.7949153774655, 401.6250438627149, 513.8301006672652, 570.7013239882384, 548.2756625811519, 558.256603121332, 615.2789694526422, 700.2190887547338, 583.1502710503898, 506.8519660412092, 610.3872230611289, 659.90085802771, 738.2615766466776, 712.0069894459918, 775.1552357791907, 905.4535538879708, 741.5962769981958, 709.5815451865317, 422.3923625539257, 501.21323247149365, 441.9851520164689, 654.7554984834536, 752.1389652215994, 700.1061505994177, 564.5166172388723, 662.381779254471, 561.1503473133419, 429.70074844102004, 625.4128137897729, 496.5828969230907, 782.6309677813875, 542.4121615352707, 472.26225529879525, 488.33011934491486, 592.2068740896509, 663.5571573936498, 606.4479990235335]
All f2: [0.0, 10.0, 0.0, 20.0, 0.0, 0.0, 10.0, 0.0, 10.0, 0.0, 10.0, 0.0, 0.0, 20.0, 0.0, 10.0, 0.0, 10.0, 0.0, 50.0, 0.0, 10.0, 10.0, 0.0, 10.0, 0.0, 0.0, 0.0, 20.0, 10.0, 0.0, 0.0, 10.0, 0.0, 10.0, 0.0, 30.0, 10.0, 0.0, 20.0, 40.0, 10.0, 0.0, 0.0, 120.0, 0.0, 110.0, 130.0, 0.0, 30.0, 10.0, 0.0, 20.0, 0.0, 10.0, 10.0, 0.0, 10.0, 0.0, 0.0]
All execution times: [6.178302526473999, 6.012461185455322, 5.848813533782959, 5.981494903564453, 6.168888568878174, 6.147549152374268, 6.020562648773193, 6.037197113037109, 5.903638601303101, 5.997165203094482, 5.9726951122283936, 5.739350080490112, 5.950345993041992, 5.856767654418945, 5.92934250831604, 5.882806062698364, 5.906192064285278, 5.956845760345459, 5.943077802658081, 6.116436958312988, 5.97311544418335, 5.989749908447266, 6.036670684814453, 5.95750617980957, 5.9115447998046875, 5.943603515625, 5.816097021102905, 6.636018753051758, 5.924026250839233, 6.052901268005371]
All pareto fronts: [array([[568.99671474,   0.        ]]), array([[675.09772125,  10.        ],
       [732.58321248,   0.        ],
       [666.38292804,  20.        ]]), array([[474.01734676,   0.        ]]), array([[545.66405632,   0.        ],
       [484.79562592,  10.        ]]), array([[593.12468419,   0.        ]]), array([[477.17842792,  10.        ],
       [511.86371223,   0.        ]]), array([[452.66864148,  10.        ],
       [597.48789394,   0.        ]]), array([[593.61200579,   0.        ],
       [571.28748409,  20.        ]]), array([[591.14324294,   0.        ]]), array([[594.46720416,  10.        ],
       [786.87251034,   0.        ]]), array([[681.6206549 ,  10.        ],
       [705.57158725,   0.        ]]), array([[584.17638619,  50.        ],
       [918.90413675,   0.        ],
       [679.91281588,  10.        ]]), array([[717.32663243,  10.        ],
       [843.79491538,   0.        ]]), array([[401.62504386,  10.        ],
       [513.83010067,   0.        ]]), array([[570.70132399,   0.        ]]), array([[548.27566258,   0.        ]]), array([[558.25660312,  20.        ],
       [615.27896945,  10.        ],
       [700.21908875,   0.        ]]), array([[583.15027105,   0.        ]]), array([[506.85196604,  10.        ],
       [610.38722306,   0.        ]]), array([[659.90085803,  10.        ],
       [738.26157665,   0.        ]]), array([[712.00698945,  30.        ],
       [775.15523578,  10.        ],
       [905.45355389,   0.        ],
       [741.596277  ,  20.        ],
       [709.58154519,  40.        ]]), array([[422.39236255,  10.        ],
       [501.21323247,   0.        ]]), array([[441.98515202,   0.        ]]), array([[654.75549848, 120.        ],
       [752.13896522,   0.        ],
       [700.1061506 , 110.        ],
       [564.51661724, 130.        ]]), array([[662.38177925,   0.        ],
       [561.15034731,  30.        ]]), array([[429.70074844,  10.        ],
       [625.41281379,   0.        ]]), array([[496.58289692,  20.        ],
       [782.63096778,   0.        ],
       [542.41216154,  10.        ]]), array([[472.2622553 ,  10.        ],
       [488.33011934,   0.        ]]), array([[592.20687409,  10.        ],
       [663.55715739,   0.        ]]), array([[606.44799902,   0.        ]])]