NSGA-II - Instance 1 - AE 10 - Row Crossover            
f1 objective:
    Median: 602.4395798782613
    Max: 807.0772420895415
    Min: 403.678114726969
    Std. Dev.: 89.68547730031858
                    
f2 objective:
    Median: 10.0
    Max: 230.0
    Min: 0.0
    Std. Dev.: 42.81348015333765

Execution times:
    Median: 5.927472949028015
    Max: 6.062842607498169
    Min: 5.780168056488037
    Std. Dev.: 0.06683317526788024            
    
Algorithm data:
    Algorithm: NSGA-II
    Executions: 30
    Population size: 100
    Offspring population size: 2
    Mutation probability: 0.1
    Crossover probability: 0.3
    Crossover type: Row Crossover
    Probability of parent: 0.25
    Number of evaluations: 1000
    Execution time: 5.859145402908325
                    
Problem data:
    Number of days: 7
    Number of meals: 4
    Max portions: 4
                    
Model objective:
    Calories: 2000.0
    Protein: 153.0
    Carbs: 205.0
    Fat: 68.0
                    
Model Hiperparameters:
    Alpha: 1.0
    Beta: 1.0
    Gamma: 0.75
    Delta: 100.0
    Sigma: 10.0
                    
All f1: [675.5055233258736, 631.6995835758971, 633.1142172069925, 657.0629223359907, 597.1992458002813, 630.2529845147224, 648.3633927222018, 687.992472937466, 608.3351547044356, 619.2436039771749, 601.172497111976, 500.1593790919779, 715.1267667851557, 634.5067031251143, 753.6603264310639, 474.69006271127876, 511.72750548151134, 548.7356545131951, 509.6282981020015, 551.5306142217796, 665.5253793575737, 512.9212319662312, 527.370675648471, 534.4314461865822, 637.4590241089312, 599.2633379968834, 403.678114726969, 407.5969767972281, 481.25450575584273, 667.5608973641462, 605.544338493518, 588.7040521992965, 589.568731052551, 489.0993019639361, 469.7033231451734, 562.1671238855558, 550.0046099622958, 535.9943425936121, 600.3578668491255, 593.6034595830946, 762.6821720363622, 655.8415496959907, 662.9514927699233, 695.6185904745726, 566.7474085103814, 656.0506500783581, 440.8795548345433, 731.1183614276885, 748.7175826350045, 690.3669272040543, 692.0390109083822, 772.3845594132761, 586.8791116014456, 537.0601357276345, 594.928912352272, 520.3279146345568, 610.7995003333647, 570.8112554276296, 693.400002704304, 807.0772420895415, 675.5423048826259, 602.4395798782613, 671.6962323116117, 430.43477782224363, 633.4369257942851]
All f2: [0.0, 110.0, 110.0, 0.0, 140.0, 130.0, 10.0, 0.0, 10.0, 0.0, 20.0, 120.0, 0.0, 10.0, 0.0, 10.0, 10.0, 0.0, 30.0, 10.0, 0.0, 30.0, 0.0, 20.0, 0.0, 0.0, 10.0, 0.0, 0.0, 0.0, 10.0, 10.0, 0.0, 20.0, 0.0, 0.0, 10.0, 10.0, 0.0, 0.0, 0.0, 10.0, 20.0, 0.0, 30.0, 0.0, 0.0, 10.0, 0.0, 30.0, 10.0, 0.0, 20.0, 230.0, 0.0, 10.0, 0.0, 10.0, 10.0, 0.0, 0.0, 110.0, 10.0, 10.0, 0.0]
All execution times: [6.062842607498169, 5.9736974239349365, 5.942463159561157, 5.838529586791992, 5.780168056488037, 5.8335113525390625, 6.01994514465332, 5.927340745925903, 5.911434173583984, 5.927605152130127, 6.004316806793213, 5.911434173583984, 5.957617998123169, 6.006717681884766, 6.020605087280273, 5.948817729949951, 5.936671257019043, 5.942040681838989, 5.974727630615234, 5.832022190093994, 5.848128080368042, 5.9893412590026855, 5.943385362625122, 5.896080493927002, 5.9126458168029785, 5.832065582275391, 5.893043756484985, 5.864834308624268, 5.879868268966675, 5.859145402908325]
All pareto fronts: [array([[675.50552333,   0.        ],
       [631.69958358, 110.        ]]), array([[633.11421721, 110.        ],
       [657.06292234,   0.        ],
       [597.1992458 , 140.        ]]), array([[630.25298451, 130.        ],
       [648.36339272,  10.        ],
       [687.99247294,   0.        ]]), array([[608.3351547 ,  10.        ],
       [619.24360398,   0.        ],
       [601.17249711,  20.        ]]), array([[500.15937909, 120.        ],
       [715.12676679,   0.        ],
       [634.50670313,  10.        ]]), array([[753.66032643,   0.        ],
       [474.69006271,  10.        ]]), array([[511.72750548,  10.        ],
       [548.73565451,   0.        ],
       [509.6282981 ,  30.        ]]), array([[551.53061422,  10.        ],
       [665.52537936,   0.        ],
       [512.92123197,  30.        ]]), array([[527.37067565,   0.        ]]), array([[534.43144619,  20.        ],
       [637.45902411,   0.        ]]), array([[599.263338,   0.      ]]), array([[403.67811473,  10.        ],
       [407.5969768 ,   0.        ]]), array([[481.25450576,   0.        ]]), array([[667.56089736,   0.        ],
       [605.54433849,  10.        ]]), array([[588.7040522 ,  10.        ],
       [589.56873105,   0.        ],
       [489.09930196,  20.        ]]), array([[469.70332315,   0.        ]]), array([[562.16712389,   0.        ],
       [550.00460996,  10.        ]]), array([[535.99434259,  10.        ],
       [600.35786685,   0.        ]]), array([[593.60345958,   0.        ]]), array([[762.68217204,   0.        ],
       [655.8415497 ,  10.        ]]), array([[662.95149277,  20.        ],
       [695.61859047,   0.        ],
       [566.74740851,  30.        ]]), array([[656.05065008,   0.        ]]), array([[440.87955483,   0.        ]]), array([[731.11836143,  10.        ],
       [748.71758264,   0.        ],
       [690.3669272 ,  30.        ]]), array([[692.03901091,  10.        ],
       [772.38455941,   0.        ],
       [586.8791116 ,  20.        ],
       [537.06013573, 230.        ]]), array([[594.92891235,   0.        ],
       [520.32791463,  10.        ]]), array([[610.79950033,   0.        ],
       [570.81125543,  10.        ]]), array([[693.4000027 ,  10.        ],
       [807.07724209,   0.        ]]), array([[675.54230488,   0.        ],
       [602.43957988, 110.        ],
       [671.69623231,  10.        ]]), array([[430.43477782,  10.        ],
       [633.43692579,   0.        ]])]