NSGA-II - Instance 1 - AE 4 - Column Crossover            
f1 objective:
    Median: 623.4964671403823
    Max: 915.7482575938569
    Min: 390.2098800932641
    Std. Dev.: 115.41995861429359
                    
f2 objective:
    Median: 0.0
    Max: 120.0
    Min: 0.0
    Std. Dev.: 22.55131888540168

Execution times:
    Median: 6.612430453300476
    Max: 6.9845287799835205
    Min: 6.455949783325195
    Std. Dev.: 0.1189680798840155            
    
Algorithm data:
    Algorithm: NSGA-II
    Executions: 30
    Population size: 100
    Offspring population size: 2
    Mutation probability: 0.1
    Crossover probability: 0.5
    Crossover type: Column Crossover
    Probability of parent: 0.25
    Number of evaluations: 1000
    Execution time: 6.692709922790527
                    
Problem data:
    Number of days: 7
    Number of meals: 4
    Max portions: 4
                    
Model objective:
    Calories: 2000.0
    Protein: 153.0
    Carbs: 205.0
    Fat: 68.0
                    
Model Hiperparameters:
    Alpha: 1.0
    Beta: 1.0
    Gamma: 0.75
    Delta: 100.0
    Sigma: 10.0
                    
All f1: [507.7623868096568, 598.361571725874, 648.7964852076882, 556.008791207991, 676.4251470712027, 584.5208970950154, 559.1287723281813, 671.000499178598, 660.39819973532, 565.0630070672396, 592.5498679879815, 604.3721334527503, 688.3185990131767, 735.6644333665548, 694.9987605447744, 860.2393113742403, 826.9258600018749, 538.852690383057, 609.5410175878137, 484.6177223690938, 684.7900611143853, 726.6540987112155, 912.491093588082, 641.8277795691462, 574.438925925447, 390.2098800932641, 633.6567664406718, 606.4325264418051, 671.6513181263385, 828.5714890560466, 758.5117163354079, 444.2102054767676, 677.6604584252508, 623.4964671403823, 672.295172506087, 682.9115143979471, 550.8736399347191, 619.2947342927887, 746.48760054799, 610.9266047519181, 760.1167053550674, 499.70700890580883, 499.3141788043243, 493.08271133609946, 532.4835186879301, 680.479189210962, 762.6206215092262, 588.9420765029274, 728.8363185898205, 522.9359904631428, 915.7482575938569, 465.02642009820426, 443.73982354116214, 525.6745530813864, 687.7769485779355]
All f2: [50.0, 20.0, 0.0, 30.0, 0.0, 0.0, 10.0, 0.0, 0.0, 10.0, 0.0, 0.0, 10.0, 0.0, 0.0, 0.0, 110.0, 120.0, 0.0, 0.0, 10.0, 0.0, 0.0, 10.0, 0.0, 0.0, 0.0, 10.0, 20.0, 0.0, 10.0, 0.0, 0.0, 30.0, 10.0, 0.0, 10.0, 0.0, 10.0, 20.0, 0.0, 0.0, 10.0, 10.0, 0.0, 10.0, 0.0, 0.0, 10.0, 20.0, 0.0, 0.0, 20.0, 10.0, 0.0]
All execution times: [6.637009859085083, 6.622779130935669, 6.647792100906372, 6.566928863525391, 6.609539031982422, 6.646847486495972, 6.61803674697876, 6.535327196121216, 6.51660418510437, 6.541492223739624, 6.666550397872925, 6.594766139984131, 6.59991192817688, 6.455949783325195, 6.512661695480347, 6.578932285308838, 6.589052438735962, 6.618324518203735, 6.610171318054199, 6.614689588546753, 6.574914932250977, 6.580402374267578, 6.56989312171936, 6.774470567703247, 6.9845287799835205, 6.839597940444946, 6.792311191558838, 6.9580442905426025, 6.688751935958862, 6.692709922790527]
All pareto fronts: [array([[507.76238681,  50.        ],
       [598.36157173,  20.        ],
       [648.79648521,   0.        ],
       [556.00879121,  30.        ]]), array([[676.42514707,   0.        ]]), array([[584.5208971,   0.       ]]), array([[559.12877233,  10.        ],
       [671.00049918,   0.        ]]), array([[660.39819974,   0.        ],
       [565.06300707,  10.        ]]), array([[592.54986799,   0.        ]]), array([[604.37213345,   0.        ]]), array([[688.31859901,  10.        ],
       [735.66443337,   0.        ]]), array([[694.99876054,   0.        ]]), array([[860.23931137,   0.        ],
       [826.92586   , 110.        ],
       [538.85269038, 120.        ]]), array([[609.54101759,   0.        ]]), array([[484.61772237,   0.        ]]), array([[684.79006111,  10.        ],
       [726.65409871,   0.        ]]), array([[912.49109359,   0.        ],
       [641.82777957,  10.        ]]), array([[574.43892593,   0.        ]]), array([[390.20988009,   0.        ]]), array([[633.65676644,   0.        ],
       [606.43252644,  10.        ]]), array([[671.65131813,  20.        ],
       [828.57148906,   0.        ],
       [758.51171634,  10.        ]]), array([[444.21020548,   0.        ]]), array([[677.66045843,   0.        ],
       [623.49646714,  30.        ],
       [672.29517251,  10.        ]]), array([[682.9115144,   0.       ]]), array([[550.87363993,  10.        ],
       [619.29473429,   0.        ]]), array([[746.48760055,  10.        ],
       [610.92660475,  20.        ],
       [760.11670536,   0.        ]]), array([[499.70700891,   0.        ],
       [499.3141788 ,  10.        ]]), array([[493.08271134,  10.        ],
       [532.48351869,   0.        ]]), array([[680.47918921,  10.        ],
       [762.62062151,   0.        ]]), array([[588.9420765,   0.       ]]), array([[728.83631859,  10.        ],
       [522.93599046,  20.        ],
       [915.74825759,   0.        ]]), array([[465.0264201 ,   0.        ],
       [443.73982354,  20.        ]]), array([[525.67455308,  10.        ],
       [687.77694858,   0.        ]])]