NSGA-II - Instance 1 - AE 7 - Column Crossover            
f1 objective:
    Median: 613.9760115733504
    Max: 941.1240965846871
    Min: 420.9328083874868
    Std. Dev.: 117.56703049153225
                    
f2 objective:
    Median: 10.0
    Max: 120.0
    Min: 0.0
    Std. Dev.: 28.963034766798035

Execution times:
    Median: 5.919496536254883
    Max: 6.20071268081665
    Min: 5.7855918407440186
    Std. Dev.: 0.09637059782181608            
    
Algorithm data:
    Algorithm: NSGA-II
    Executions: 30
    Population size: 100
    Offspring population size: 2
    Mutation probability: 0.1
    Crossover probability: 0.8
    Crossover type: Column Crossover
    Probability of parent: 0.25
    Number of evaluations: 1000
    Execution time: 5.942493915557861
                    
Problem data:
    Number of days: 7
    Number of meals: 4
    Max portions: 4
                    
Model objective:
    Calories: 2000.0
    Protein: 153.0
    Carbs: 205.0
    Fat: 68.0
                    
Model Hiperparameters:
    Alpha: 1.0
    Beta: 1.0
    Gamma: 0.75
    Delta: 100.0
    Sigma: 10.0
                    
All f1: [579.1392567663717, 683.1473587113319, 600.2272733016198, 747.0023209951901, 489.9099739355929, 563.4335909333257, 420.9328083874868, 462.5343019530153, 479.1532200025485, 644.7499925074568, 779.8058718957939, 631.6327962088122, 598.3071977294621, 615.2086556237291, 772.0994305100066, 651.4621731881823, 625.236320058484, 889.3194836819146, 674.2287936715554, 549.6880771294333, 590.1152892258599, 613.9760115733504, 834.2489806467992, 642.9592762281803, 803.4268747232923, 553.8332017971185, 607.4149628723161, 583.4219300529826, 500.77403556334855, 463.30146478696247, 619.1116515768688, 502.70484780006257, 755.1089779632082, 662.6576347523193, 624.0411743969714, 499.8841884524427, 551.6286723619572, 639.4813823121023, 513.4401894314042, 470.0919865645629, 544.9320163639528, 669.5494036617624, 554.7023760240374, 501.35421667027316, 470.0793195078983, 503.1205877921489, 644.6519244432169, 690.0133925476553, 787.2360268183247, 749.9170802601847, 596.4184021558867, 660.6686215236597, 505.78471989498956, 482.8074525005956, 619.7302163537945, 539.8724714814394, 442.6206879178699, 490.83413247839695, 617.6369530301683, 941.1240965846871, 783.822978847147, 623.80384414438, 725.2300786230629, 898.7523615575495, 829.8233361385438, 614.8293516458141, 502.04586408525597, 566.1523081396991, 573.2540700463508]
All f2: [0.0, 10.0, 110.0, 0.0, 110.0, 0.0, 120.0, 0.0, 0.0, 10.0, 0.0, 0.0, 30.0, 20.0, 0.0, 10.0, 10.0, 0.0, 0.0, 40.0, 10.0, 120.0, 0.0, 20.0, 10.0, 0.0, 0.0, 10.0, 20.0, 10.0, 0.0, 20.0, 0.0, 10.0, 0.0, 10.0, 10.0, 0.0, 0.0, 10.0, 0.0, 0.0, 10.0, 110.0, 0.0, 20.0, 10.0, 0.0, 0.0, 10.0, 20.0, 0.0, 30.0, 20.0, 0.0, 10.0, 30.0, 10.0, 0.0, 0.0, 10.0, 20.0, 20.0, 0.0, 10.0, 0.0, 10.0, 10.0, 0.0]
All execution times: [6.134059906005859, 5.927899122238159, 6.097864151000977, 5.943430662155151, 5.9420249462127686, 5.865816116333008, 5.972226619720459, 5.848863124847412, 5.8704164028167725, 5.966745376586914, 5.849144458770752, 6.20071268081665, 6.060589790344238, 5.864760637283325, 6.051910638809204, 5.973082065582275, 6.037195920944214, 5.880357027053833, 5.833069086074829, 5.894973516464233, 5.973256826400757, 5.896026611328125, 5.9110939502716064, 5.7855918407440186, 5.848284006118774, 5.849196910858154, 5.880115509033203, 5.8328118324279785, 5.942824125289917, 5.942493915557861]
All pareto fronts: [array([[579.13925677,   0.        ]]), array([[683.14735871,  10.        ],
       [600.2272733 , 110.        ],
       [747.002321  ,   0.        ]]), array([[489.90997394, 110.        ],
       [563.43359093,   0.        ],
       [420.93280839, 120.        ]]), array([[462.53430195,   0.        ]]), array([[479.15322,   0.     ]]), array([[644.74999251,  10.        ],
       [779.8058719 ,   0.        ]]), array([[631.63279621,   0.        ]]), array([[598.30719773,  30.        ],
       [615.20865562,  20.        ],
       [772.09943051,   0.        ],
       [651.46217319,  10.        ]]), array([[625.23632006,  10.        ],
       [889.31948368,   0.        ]]), array([[674.22879367,   0.        ],
       [549.68807713,  40.        ],
       [590.11528923,  10.        ]]), array([[613.97601157, 120.        ],
       [834.24898065,   0.        ],
       [642.95927623,  20.        ],
       [803.42687472,  10.        ]]), array([[553.8332018,   0.       ]]), array([[607.41496287,   0.        ],
       [583.42193005,  10.        ],
       [500.77403556,  20.        ]]), array([[463.30146479,  10.        ],
       [619.11165158,   0.        ]]), array([[502.7048478 ,  20.        ],
       [755.10897796,   0.        ],
       [662.65763475,  10.        ]]), array([[624.0411744 ,   0.        ],
       [499.88418845,  10.        ]]), array([[551.62867236,  10.        ],
       [639.48138231,   0.        ]]), array([[513.44018943,   0.        ]]), array([[470.09198656,  10.        ],
       [544.93201636,   0.        ]]), array([[669.54940366,   0.        ],
       [554.70237602,  10.        ],
       [501.35421667, 110.        ]]), array([[470.07931951,   0.        ]]), array([[503.12058779,  20.        ],
       [644.65192444,  10.        ],
       [690.01339255,   0.        ]]), array([[787.23602682,   0.        ],
       [749.91708026,  10.        ]]), array([[596.41840216,  20.        ],
       [660.66862152,   0.        ],
       [505.78471989,  30.        ]]), array([[482.8074525 ,  20.        ],
       [619.73021635,   0.        ],
       [539.87247148,  10.        ],
       [442.62068792,  30.        ]]), array([[490.83413248,  10.        ],
       [617.63695303,   0.        ]]), array([[941.12409658,   0.        ],
       [783.82297885,  10.        ],
       [623.80384414,  20.        ]]), array([[725.23007862,  20.        ],
       [898.75236156,   0.        ],
       [829.82333614,  10.        ]]), array([[614.82935165,   0.        ],
       [502.04586409,  10.        ]]), array([[566.15230814,  10.        ],
       [573.25407005,   0.        ]])]