NSGA-II - Instance 1 - AE 13 - Row Crossover            
f1 objective:
    Median: 621.660377216717
    Max: 909.0494655264436
    Min: 474.39609790424333
    Std. Dev.: 98.26907829235694
                    
f2 objective:
    Median: 10.0
    Max: 140.0
    Min: 0.0
    Std. Dev.: 33.3480835214891

Execution times:
    Median: 6.043724417686462
    Max: 6.6882336139678955
    Min: 5.903173446655273
    Std. Dev.: 0.17265238497185983            
    
Algorithm data:
    Algorithm: NSGA-II
    Executions: 30
    Population size: 100
    Offspring population size: 2
    Mutation probability: 0.1
    Crossover probability: 0.5
    Crossover type: Row Crossover
    Probability of parent: 0.25
    Number of evaluations: 1000
    Execution time: 5.903173446655273
                    
Problem data:
    Number of days: 7
    Number of meals: 4
    Max portions: 4
                    
Model objective:
    Calories: 2000.0
    Protein: 153.0
    Carbs: 205.0
    Fat: 68.0
                    
Model Hiperparameters:
    Alpha: 1.0
    Beta: 1.0
    Gamma: 0.75
    Delta: 100.0
    Sigma: 10.0
                    
All f1: [611.4626113145353, 783.8106626636605, 530.7984718963247, 574.6400682946369, 595.5647420041735, 696.6103613460123, 555.3387317368747, 483.3340936350833, 659.3641064747842, 750.6643259484362, 548.1272730256471, 758.5619064864585, 876.782985397795, 743.9127016191601, 695.627942236594, 736.0944777539617, 752.1640608131471, 623.1651625351552, 697.0534474454356, 505.1743506104078, 535.8630388656318, 719.6476680441863, 677.1102728660952, 552.6899549493419, 725.2118067593323, 568.1256698980058, 493.1276503123268, 591.4407815228421, 515.4915386988819, 587.8425877758739, 669.75695508612, 909.0494655264436, 705.7038636114287, 611.3711172345148, 547.9509229537144, 688.2724952831012, 495.1244874978984, 621.660377216717, 653.3907815315408, 802.8423055839448, 591.7816244081159, 504.09888598285227, 724.6051769674864, 588.9703711316799, 532.5543954409252, 754.6364332982304, 515.6810889063985, 631.0766073925901, 645.5458240015696, 474.39609790424333, 706.466393873548, 653.1507609906823, 649.0999552224931, 519.8849796731603, 562.6856932315125, 701.2791180408335, 571.9393052510416, 679.0609502422185, 717.7758633574754, 613.8948666356079, 515.8081183474441, 566.170947165413, 550.9538135323623, 521.6240746343801, 729.4766834735177]
All f2: [10.0, 0.0, 130.0, 30.0, 10.0, 0.0, 0.0, 0.0, 10.0, 0.0, 20.0, 10.0, 0.0, 30.0, 130.0, 10.0, 0.0, 140.0, 0.0, 10.0, 20.0, 0.0, 0.0, 10.0, 0.0, 10.0, 10.0, 0.0, 10.0, 0.0, 20.0, 0.0, 10.0, 30.0, 10.0, 0.0, 0.0, 10.0, 0.0, 0.0, 10.0, 20.0, 0.0, 10.0, 10.0, 0.0, 0.0, 10.0, 0.0, 120.0, 0.0, 10.0, 0.0, 10.0, 10.0, 0.0, 0.0, 20.0, 0.0, 30.0, 10.0, 0.0, 0.0, 120.0, 0.0]
All execution times: [6.326693534851074, 6.467883348464966, 6.201934337615967, 6.295652866363525, 6.1399924755096436, 6.044495105743408, 6.139715671539307, 6.6882336139678955, 6.378770112991333, 6.250371932983398, 5.990239858627319, 6.0045366287231445, 6.068274974822998, 5.973657608032227, 6.09697151184082, 6.030714273452759, 6.02862548828125, 5.991422891616821, 6.129571914672852, 5.942826986312866, 5.990339517593384, 5.9351255893707275, 6.042953729629517, 6.036579370498657, 6.070055961608887, 6.035178184509277, 5.966213703155518, 5.986193895339966, 6.063844919204712, 5.903173446655273]
All pareto fronts: [array([[611.46261131,  10.        ],
       [783.81066266,   0.        ],
       [530.7984719 , 130.        ],
       [574.64006829,  30.        ]]), array([[595.564742  ,  10.        ],
       [696.61036135,   0.        ]]), array([[555.33873174,   0.        ]]), array([[483.33409364,   0.        ]]), array([[659.36410647,  10.        ],
       [750.66432595,   0.        ],
       [548.12727303,  20.        ]]), array([[758.56190649,  10.        ],
       [876.7829854 ,   0.        ],
       [743.91270162,  30.        ]]), array([[695.62794224, 130.        ],
       [736.09447775,  10.        ],
       [752.16406081,   0.        ],
       [623.16516254, 140.        ]]), array([[697.05344745,   0.        ],
       [505.17435061,  10.        ]]), array([[535.86303887,  20.        ],
       [719.64766804,   0.        ]]), array([[677.11027287,   0.        ],
       [552.68995495,  10.        ]]), array([[725.21180676,   0.        ],
       [568.1256699 ,  10.        ]]), array([[493.12765031,  10.        ],
       [591.44078152,   0.        ]]), array([[515.4915387 ,  10.        ],
       [587.84258778,   0.        ]]), array([[669.75695509,  20.        ],
       [909.04946553,   0.        ],
       [705.70386361,  10.        ],
       [611.37111723,  30.        ]]), array([[547.95092295,  10.        ],
       [688.27249528,   0.        ]]), array([[495.1244875,   0.       ]]), array([[621.66037722,  10.        ],
       [653.39078153,   0.        ]]), array([[802.84230558,   0.        ],
       [591.78162441,  10.        ]]), array([[504.09888598,  20.        ],
       [724.60517697,   0.        ],
       [588.97037113,  10.        ]]), array([[532.55439544,  10.        ],
       [754.6364333 ,   0.        ]]), array([[515.68108891,   0.        ]]), array([[631.07660739,  10.        ],
       [645.545824  ,   0.        ],
       [474.3960979 , 120.        ]]), array([[706.46639387,   0.        ],
       [653.15076099,  10.        ]]), array([[649.09995522,   0.        ],
       [519.88497967,  10.        ]]), array([[562.68569323,  10.        ],
       [701.27911804,   0.        ]]), array([[571.93930525,   0.        ]]), array([[679.06095024,  20.        ],
       [717.77586336,   0.        ],
       [613.89486664,  30.        ]]), array([[515.80811835,  10.        ],
       [566.17094717,   0.        ]]), array([[550.95381353,   0.        ],
       [521.62407463, 120.        ]]), array([[729.47668347,   0.        ]])]