NSGA-II - Column Crossover - Instance 5            
Fitness objective:
    Median: 1118.5941203434659
    Max: 1641.8298968045908
    Min: 625.485750525022
    Std. Dev.: 190.16912935380813
                    
Variety objective:
    Median: 10.0
    Max: 240.0
    Min: 0.0
    Std. Dev.: 51.32470442593459

Execution times:
    Median: 6.345963478088379
    Max: 6.498239874839783
    Min: 7.073776483535767
    Std. Dev.: 0.1650326411147008
                    
Algorithm data:
    Algorithm: NSGA-II
    Executions: 30
    Population size: 100
    Offspring population size: 2
    Mutation probability: 0.3
    Crossover probability: 0.5
    Probability of parent: 0.25
    Number of evaluations: 1000
    Execution time: 6.52393364906311
                    
Problem data:
    Number of days: 7
    Number of meals: 4
    Max portions: 4
                    
Model objective:
    Calories: 2000.0
    Protein: 153.0
    Carbs: 205.0
    Fat: 68.0
                    
Model Hiperparameters:
    Alpha: 1.0
    Beta: 1.0
    Gamma: 0.75
    Delta: 100.0
    Sigma: 10.0
                    
All fitness: [1267.2605589908737, 1374.6083709004145, 1180.2426940328435, 1151.7597052861306, 1129.957148906192, 811.341724165334, 1231.3428564318926, 1015.8817201016988, 1242.9073441825672, 1547.3005446808045, 1356.9758730604196, 1087.6062390560419, 1304.7453611441445, 1247.1540029802377, 1384.0514589758184, 875.2857642590421, 778.8645832684107, 1405.4523313175766, 1118.5941203434659, 1113.8365838940656, 1420.8177904409997, 925.7431135393928, 952.2735506461088, 997.2310213333967, 1196.041971122049, 1302.1201898796576, 1007.2392323609708, 1138.536071397064, 1400.682449786955, 1275.5371899691822, 927.6083808766023, 1641.8298968045908, 1094.1777027630735, 1192.1741032990653, 862.5966361186508, 1175.9239433860682, 850.2175105614868, 1197.5504990945788, 1057.3510163109243, 1043.6435737322836, 877.4911941611392, 1072.12847494754, 1176.963856871287, 958.613697261459, 1150.937233042517, 1153.850959398937, 1149.615962819504, 1066.2254419053722, 867.7178513303921, 1024.498645879837, 1014.9160334014176, 1201.811022496222, 954.8409967550313, 854.8211139678997, 873.0907028962114, 1433.545606126786, 998.0960274253781, 1027.0425380182319, 1303.1373270778952, 1094.142079316902, 906.4113130807241, 1083.1271625858587, 958.582902921671, 1262.237857355888, 1036.4358733633894, 625.485750525022, 1116.731557245106, 873.0507321463416, 1226.4616659935987, 792.2256182520514, 1223.6415794200602, 1263.4267708040427, 1366.8657522195308, 951.9802589835081, 1149.4666935807672, 1120.4479821366133, 1340.4467133316925, 1096.9200340204095, 1260.1135799368865]
All variety: [10.0, 0.0, 20.0, 240.0, 0.0, 20.0, 0.0, 10.0, 30.0, 0.0, 10.0, 40.0, 20.0, 10.0, 0.0, 30.0, 0.0, 0.0, 10.0, 40.0, 0.0, 230.0, 50.0, 10.0, 20.0, 0.0, 140.0, 30.0, 0.0, 0.0, 10.0, 0.0, 20.0, 10.0, 20.0, 10.0, 140.0, 0.0, 0.0, 10.0, 130.0, 0.0, 0.0, 10.0, 150.0, 0.0, 0.0, 10.0, 40.0, 0.0, 10.0, 0.0, 20.0, 30.0, 20.0, 0.0, 10.0, 20.0, 0.0, 0.0, 20.0, 10.0, 20.0, 0.0, 0.0, 10.0, 0.0, 10.0, 0.0, 230.0, 20.0, 10.0, 0.0, 30.0, 10.0, 20.0, 0.0, 20.0, 0.0]
All execution times: [6.528533697128296, 6.444994211196899, 6.345963478088379, 6.359905004501343, 6.529889822006226, 6.415071725845337, 6.419477462768555, 6.42747688293457, 6.500226974487305, 6.4512927532196045, 6.430922746658325, 6.845247983932495, 6.406652927398682, 6.528949737548828, 6.597407579421997, 6.408989429473877, 6.515538692474365, 6.486804485321045, 6.546654939651489, 6.552774667739868, 6.427170276641846, 6.480055809020996, 6.460477352142334, 6.496252775192261, 7.073776483535767, 6.854413747787476, 6.5497727394104, 6.853058338165283, 6.7181313037872314, 6.52393364906311]