NSGA-II - Column Crossover - Instance 8            
Fitness objective:
    Median: 1061.0015274826862
    Max: 1577.257753594126
    Min: 683.2747678727098
    Std. Dev.: 206.66632473763553
                    
Variety objective:
    Median: 10.0
    Max: 140.0
    Min: 0.0
    Std. Dev.: 39.96440105517417

Execution times:
    Median: 6.287702798843384
    Max: 6.445440649986267
    Min: 6.96291708946228
    Std. Dev.: 0.17410736104205923
                    
Algorithm data:
    Algorithm: NSGA-II
    Executions: 30
    Population size: 100
    Offspring population size: 2
    Mutation probability: 0.3
    Crossover probability: 0.8
    Probability of parent: 0.25
    Number of evaluations: 1000
    Execution time: 6.424418210983276
                    
Problem data:
    Number of days: 7
    Number of meals: 4
    Max portions: 4
                    
Model objective:
    Calories: 2000.0
    Protein: 153.0
    Carbs: 205.0
    Fat: 68.0
                    
Model Hiperparameters:
    Alpha: 1.0
    Beta: 1.0
    Gamma: 0.75
    Delta: 100.0
    Sigma: 10.0
                    
All fitness: [875.8674972376442, 1410.5989676226113, 1210.406082742501, 1230.089949073976, 1131.2627495632175, 1102.3668136994586, 1277.671409752805, 1387.0739184721297, 862.2733501937715, 1160.932922420813, 1159.9098636322872, 1037.5492661879082, 1577.257753594126, 1245.689630349307, 1124.3980161429156, 1053.2121376832156, 960.4374434884809, 893.5217445849315, 1169.5359728699143, 1285.88830921359, 997.7047273153943, 996.8516304909191, 982.2885419478764, 863.8621898066258, 1087.4117345164855, 1020.5159655171016, 1059.072711185528, 1187.0587887604963, 745.2597583604221, 1230.163721959596, 1498.2100289265284, 1306.0148973328114, 982.4183556396921, 1127.7189531131953, 1183.950638473828, 990.5192470261171, 901.1509204686762, 683.2747678727098, 1100.490896427629, 908.8762841625902, 746.0852953272806, 1417.1099521814244, 925.3413134587026, 957.594349828145, 850.4759498709353, 1467.8726234369651, 1432.5308234880717, 1309.6521495837503, 785.3852451101926, 782.4261210126407, 1062.9303437798444, 867.257477773126, 943.5819274674317, 1169.0457319524717, 1465.6948032778137, 909.0503700888846, 1068.2572231352458, 856.8226439049532, 1226.6562590494166, 734.5526317187531, 926.4850764642334, 931.1230186243895, 991.3197621019219, 1189.9158056819103, 900.6572693005394, 1065.9280425531786]
All variety: [0.0, 0.0, 50.0, 10.0, 10.0, 140.0, 0.0, 0.0, 20.0, 10.0, 0.0, 130.0, 0.0, 10.0, 20.0, 10.0, 20.0, 30.0, 0.0, 0.0, 20.0, 130.0, 0.0, 120.0, 0.0, 130.0, 10.0, 0.0, 0.0, 10.0, 0.0, 0.0, 10.0, 30.0, 0.0, 0.0, 130.0, 0.0, 0.0, 10.0, 110.0, 0.0, 10.0, 0.0, 10.0, 0.0, 20.0, 120.0, 0.0, 0.0, 0.0, 30.0, 10.0, 0.0, 0.0, 10.0, 0.0, 10.0, 0.0, 30.0, 10.0, 20.0, 10.0, 0.0, 20.0, 0.0]
All execution times: [6.96291708946228, 6.940030097961426, 6.684300422668457, 6.628504276275635, 6.476729869842529, 6.343445777893066, 6.335082530975342, 6.328315019607544, 6.60110330581665, 6.5683910846710205, 6.589876174926758, 6.561951160430908, 6.6635870933532715, 6.482852220535278, 6.460849046707153, 6.336618185043335, 6.430032253265381, 6.6954216957092285, 6.379104375839233, 6.564718246459961, 6.421679258346558, 6.6199049949646, 6.328022003173828, 6.33528208732605, 6.320629358291626, 6.3140482902526855, 6.385529518127441, 6.287702798843384, 6.364591360092163, 6.424418210983276]