NSGA-II - Column Crossover - Instance 9            
Fitness objective:
    Median: 1360.0431051248504
    Max: 2056.3512004590234
    Min: 861.8106623242008
    Std. Dev.: 245.2271837668934
                    
Variety objective:
    Median: 10.0
    Max: 240.0
    Min: 0.0
    Std. Dev.: 38.34227262604383

Execution times:
    Median: 6.288994073867798
    Max: 6.522842288017273
    Min: 6.7423624992370605
    Std. Dev.: 0.11654047722720182
                    
Algorithm data:
    Algorithm: NSGA-II
    Executions: 30
    Population size: 100
    Offspring population size: 2
    Mutation probability: 0.5
    Crossover probability: 0.8
    Probability of parent: 0.25
    Number of evaluations: 1000
    Execution time: 6.652155876159668
                    
Problem data:
    Number of days: 7
    Number of meals: 4
    Max portions: 4
                    
Model objective:
    Calories: 2000.0
    Protein: 153.0
    Carbs: 205.0
    Fat: 68.0
                    
Model Hiperparameters:
    Alpha: 1.0
    Beta: 1.0
    Gamma: 0.75
    Delta: 100.0
    Sigma: 10.0
                    
All fitness: [1322.9138013658514, 1348.0545150092548, 861.8106623242008, 1365.773076607442, 1570.3924352588479, 1363.7773764953229, 1071.9523197314159, 1399.4108074304852, 1775.166129930307, 1435.3810163715386, 1350.9923758947173, 1847.651040006701, 1545.2758911019757, 2052.3273903206605, 973.4174143974972, 1006.1153660819477, 1615.5584577723323, 1384.8352013861986, 1312.3912927226845, 1337.0788287062867, 1284.4283825686737, 1359.0610208212984, 1555.1730378846119, 1306.5574975975017, 1314.2078277820574, 1141.7749772173397, 1616.8524715945719, 1106.7801642787738, 1178.301503077239, 1433.9085082819736, 1592.6183327265355, 1168.7309428474682, 928.4945968145619, 1278.4596702903632, 1328.9558863007528, 1892.1551604826143, 2056.3512004590234, 1754.3246009456154, 1453.8466380369894, 1298.4082463506552, 1211.45067355763, 1249.2878015598326, 1415.3160647915586, 1308.0153204132744, 1634.9835980683808, 1444.0763169394395, 1537.9139839203506, 1457.831426372491, 1496.3775196564457, 1148.6005958609314, 1519.1616049801528, 1337.062559591685, 1210.6641632807, 1343.8762494572686, 1303.4839441746105, 1332.7562533368573, 1632.2064243762263, 1331.3713590003053, 1551.8482738017522, 1486.4328898007102, 1659.9164602855876, 1566.1376625883402, 1601.1599557226423, 1611.9399675912273, 1719.6635050591844, 1810.3786924471613, 1177.1492496706437, 1002.556937886508, 1334.7864708188429, 974.7282910854359, 1430.999544334915, 1565.3109295907855, 1593.9347778039262, 1193.6895146858499, 1360.0431051248504, 1052.9916035132344, 1078.6980427036026]
All variety: [10.0, 0.0, 0.0, 10.0, 0.0, 0.0, 20.0, 10.0, 0.0, 0.0, 10.0, 10.0, 20.0, 0.0, 30.0, 10.0, 0.0, 0.0, 30.0, 10.0, 30.0, 0.0, 0.0, 20.0, 10.0, 10.0, 0.0, 140.0, 20.0, 0.0, 0.0, 10.0, 20.0, 10.0, 0.0, 10.0, 0.0, 20.0, 30.0, 0.0, 0.0, 20.0, 0.0, 10.0, 0.0, 140.0, 10.0, 10.0, 0.0, 30.0, 0.0, 10.0, 20.0, 0.0, 120.0, 10.0, 0.0, 240.0, 20.0, 30.0, 0.0, 10.0, 30.0, 20.0, 10.0, 0.0, 50.0, 30.0, 0.0, 120.0, 30.0, 10.0, 0.0, 30.0, 0.0, 30.0, 0.0]
All execution times: [6.401059627532959, 6.407572031021118, 6.485496759414673, 6.7423624992370605, 6.487360954284668, 6.53255295753479, 6.360918283462524, 6.288994073867798, 6.5197460651397705, 6.3378143310546875, 6.422175407409668, 6.548833847045898, 6.57232666015625, 6.517708778381348, 6.540430545806885, 6.448862791061401, 6.35267972946167, 6.686889886856079, 6.600275993347168, 6.591938018798828, 6.387776136398315, 6.607163190841675, 6.681891918182373, 6.483809471130371, 6.4363226890563965, 6.525938510894775, 6.712277889251709, 6.6192920207977295, 6.603579044342041, 6.652155876159668]