NSGA-II - Row Crossover - Instance 10            
Fitness objective:
    Median: 631.7652148028933
    Max: 858.8334822723122
    Min: 366.9876210610114
    Std. Dev.: 95.63019363939557
                    
Variety objective:
    Median: 10.0
    Max: 230.0
    Min: 0.0
    Std. Dev.: 43.2253854772252

Execution times:
    Median: 6.206906795501709
    Max: 6.460286617279053
    Min: 6.8193981647491455
    Std. Dev.: 0.13151556821112426
                    
Algorithm data:
    Algorithm: NSGA-II
    Executions: 30
    Population size: 100
    Offspring population size: 2
    Mutation probability: 0.1
    Crossover probability: 0.3
    Probability of parent: 0.25
    Number of evaluations: 1000
    Execution time: 6.346669912338257
                    
Problem data:
    Number of days: 7
    Number of meals: 4
    Max portions: 4
                    
Model objective:
    Calories: 2000.0
    Protein: 153.0
    Carbs: 205.0
    Fat: 68.0
                    
Model Hiperparameters:
    Alpha: 1.0
    Beta: 1.0
    Gamma: 0.75
    Delta: 100.0
    Sigma: 10.0
                    
All fitness: [646.4762773241339, 694.016704380556, 575.0078522659047, 650.4416009172364, 825.0594699925748, 504.8642276462691, 641.4071943982199, 669.9354780310808, 504.8744283704001, 665.0790406624482, 704.6903511054138, 858.8334822723122, 688.7604322352023, 564.0668698675441, 762.9646008678087, 789.161451582592, 689.3223115748985, 540.8089119049944, 714.2777865974442, 409.00794941864535, 532.9793586990783, 717.287786843681, 631.7652148028933, 557.3169650589228, 704.8584187896629, 631.7831988556165, 619.2998452766536, 621.0842893166796, 577.9548108651128, 612.6206064049223, 632.2515630244163, 686.5307150616732, 546.6455311905362, 442.13654055318057, 681.0546203080187, 502.51514967436344, 689.0483953889897, 627.6512730734762, 516.618649242206, 601.3131984155114, 634.8934535936511, 457.52283202332904, 610.5961830146285, 495.56857893486676, 598.7348912376244, 602.1448249625269, 593.0999426490741, 691.8722517577438, 633.5586856288331, 526.6375852454628, 528.8029555300568, 552.8372683956752, 763.0484961529951, 720.1949426987293, 515.4656061471921, 648.5765929470099, 684.3705481312165, 689.7820694734805, 604.5978713281424, 559.8533612687218, 803.8227499472895, 723.8605748107364, 622.6297573269877, 679.3556946375717, 366.9876210610114, 667.8831741440547, 605.8517304559898]
All variety: [10.0, 0.0, 130.0, 10.0, 0.0, 230.0, 10.0, 0.0, 10.0, 0.0, 10.0, 0.0, 20.0, 10.0, 0.0, 0.0, 10.0, 10.0, 0.0, 0.0, 10.0, 0.0, 0.0, 10.0, 0.0, 10.0, 10.0, 0.0, 20.0, 0.0, 10.0, 0.0, 110.0, 10.0, 0.0, 40.0, 0.0, 10.0, 30.0, 10.0, 0.0, 10.0, 0.0, 0.0, 110.0, 0.0, 130.0, 0.0, 10.0, 20.0, 110.0, 0.0, 0.0, 10.0, 20.0, 110.0, 10.0, 0.0, 0.0, 0.0, 0.0, 10.0, 30.0, 20.0, 0.0, 0.0, 120.0]
All execution times: [6.556352615356445, 6.4682440757751465, 6.532577753067017, 6.458395481109619, 6.503605604171753, 6.8193981647491455, 6.531556844711304, 6.612759828567505, 6.606541872024536, 6.619520902633667, 6.565572023391724, 6.462177753448486, 6.422781229019165, 6.463760852813721, 6.3790318965911865, 6.322048664093018, 6.289204835891724, 6.298367738723755, 6.259589910507202, 6.571154832839966, 6.413318872451782, 6.320826768875122, 6.343947172164917, 6.206906795501709, 6.45652961730957, 6.35775089263916, 6.614526987075806, 6.4001874923706055, 6.507899045944214, 6.346669912338257]