NSGA-II - Row Crossover - Instance 11            
Fitness objective:
    Median: 1135.961871358882
    Max: 1923.6362521461097
    Min: 554.9301621630642
    Std. Dev.: 218.65999576125026
                    
Variety objective:
    Median: 10.0
    Max: 140.0
    Min: 0.0
    Std. Dev.: 39.899091468353014

Execution times:
    Median: 6.307159423828125
    Max: 6.497743368148804
    Min: 6.941787481307983
    Std. Dev.: 0.17888599742658973
                    
Algorithm data:
    Algorithm: NSGA-II
    Executions: 30
    Population size: 100
    Offspring population size: 2
    Mutation probability: 0.3
    Crossover probability: 0.3
    Probability of parent: 0.25
    Number of evaluations: 1000
    Execution time: 6.376248598098755
                    
Problem data:
    Number of days: 7
    Number of meals: 4
    Max portions: 4
                    
Model objective:
    Calories: 2000.0
    Protein: 153.0
    Carbs: 205.0
    Fat: 68.0
                    
Model Hiperparameters:
    Alpha: 1.0
    Beta: 1.0
    Gamma: 0.75
    Delta: 100.0
    Sigma: 10.0
                    
All fitness: [1072.4644509054021, 905.5574052988297, 1568.0526789492933, 1110.7118267177304, 1261.2104537912041, 1230.5561291647168, 886.436544499305, 1096.7479581697046, 943.9065473659223, 743.5832092428658, 909.7985410513038, 1429.160629862891, 1238.1885181977968, 1157.792304389369, 1207.581862471437, 1210.7061893998828, 1066.2505158011722, 1263.025491224201, 1128.1849999707088, 1097.026305585904, 554.9301621630642, 1147.2389210335646, 1113.1356602401531, 1195.514225743109, 974.3909949581752, 833.6205840049485, 1074.554840919322, 984.7037166842458, 1056.5573671105442, 1648.0727766377165, 1260.0186496914873, 1232.766776663891, 1363.4165469532904, 1923.6362521461097, 1488.8550366241732, 1465.758039941681, 1152.5088996423094, 1214.7874688611237, 1082.6867979900792, 821.6535682475505, 1144.2332174742576, 1329.4057083690768, 1044.4661236538452, 972.2775988140364, 1329.6620375800285, 1455.829867814908, 1080.4222014710263, 1337.9098993913324, 1268.5126782659659, 1564.712510306103, 1133.620841850706, 1073.5997323500176, 991.4738913153608, 1032.8267031794726, 1210.3420656334738, 990.9998433802926, 1407.5599733777485, 1068.3842535786912, 1138.302900867058, 872.7164381315102, 1082.351368018275, 1102.3367092135943, 1158.2107240115708, 1207.0831230039269, 1120.6620793189536, 1190.4422667227825, 1034.1279383288154, 1097.7399990758174, 1572.0312366627586, 1171.3230974784801, 1123.5617151687525, 1323.7021580943826, 844.2449104391968, 1457.307256484253, 1116.9577664055398, 1067.2225583715165, 980.2136675160311, 1284.3791942598973, 1624.4504816196306, 1207.1015601239556]
All variety: [0.0, 10.0, 0.0, 10.0, 0.0, 10.0, 130.0, 30.0, 0.0, 30.0, 10.0, 0.0, 10.0, 30.0, 10.0, 0.0, 140.0, 0.0, 20.0, 0.0, 10.0, 20.0, 40.0, 0.0, 20.0, 120.0, 0.0, 130.0, 0.0, 0.0, 20.0, 120.0, 10.0, 0.0, 10.0, 20.0, 10.0, 0.0, 30.0, 110.0, 20.0, 0.0, 0.0, 10.0, 10.0, 0.0, 20.0, 0.0, 10.0, 0.0, 10.0, 0.0, 120.0, 30.0, 10.0, 30.0, 0.0, 20.0, 0.0, 140.0, 10.0, 0.0, 20.0, 0.0, 40.0, 10.0, 130.0, 0.0, 0.0, 10.0, 10.0, 0.0, 10.0, 0.0, 0.0, 10.0, 120.0, 10.0, 0.0, 20.0]
All execution times: [6.446642160415649, 6.36548113822937, 6.3203089237213135, 6.387986183166504, 6.3992815017700195, 6.403123378753662, 6.482512950897217, 6.504734754562378, 6.888657331466675, 6.6402747631073, 6.608083486557007, 6.555714845657349, 6.73803448677063, 6.646956443786621, 6.818058490753174, 6.806739091873169, 6.506836891174316, 6.367363929748535, 6.4907519817352295, 6.307159423828125, 6.400013446807861, 6.79725193977356, 6.941787481307983, 6.651247501373291, 6.38867449760437, 6.543056488037109, 6.537747383117676, 6.331750869750977, 6.362020254135132, 6.376248598098755]