NSGA-II - Row Crossover - Instance 14            
Fitness objective:
    Median: 1024.8671301219797
    Max: 1455.7357979956025
    Min: 583.4142474551828
    Std. Dev.: 182.11669098331924
                    
Variety objective:
    Median: 10.0
    Max: 150.0
    Min: 0.0
    Std. Dev.: 40.13278134403725

Execution times:
    Median: 6.53598427772522
    Max: 7.107202768325806
    Min: 6.342936277389526
    Std. Dev.: 0.18225704188605965
                    
Algorithm data:
    Algorithm: NSGA-II
    Executions: 30
    Population size: 100
    Offspring population size: 2
    Mutation probability: 0.3
    Crossover probability: 0.5
    Crossover type: Row Crossover
    Probability of parent: 0.25
    Number of evaluations: 1000
    Execution time: 6.3519370555877686
                    
Problem data:
    Number of days: 7
    Number of meals: 4
    Max portions: 4
                    
Model objective:
    Calories: 2000.0
    Protein: 153.0
    Carbs: 205.0
    Fat: 68.0
                    
Model Hiperparameters:
    Alpha: 1.0
    Beta: 1.0
    Gamma: 0.75
    Delta: 100.0
    Sigma: 10.0
                    
All fitness: [1080.3137779001884, 976.5624618660358, 765.9907359938638, 1044.2172622377848, 979.1860339182613, 1242.0081950137017, 1009.7064432404367, 1163.5579681698985, 1073.038665959969, 1226.824189433977, 1249.4480471083566, 823.0912566894958, 901.7492341335422, 1270.7846401415918, 1125.6872875989106, 1014.2413879422063, 955.8018963262169, 1045.915792815478, 1228.84035066742, 1115.0960024875642, 829.381327940894, 1008.4504931901378, 981.5388763533489, 1021.0609501290501, 1282.927795627882, 1170.9466673025477, 1073.7989692950384, 1111.7755976045462, 1076.0183428278574, 1109.488279640834, 1271.173991228752, 999.4649582095008, 583.4142474551828, 1026.1521005292338, 1437.9588925225673, 879.0645868553801, 952.855724034372, 1037.782196514537, 1051.3389111886786, 754.8692243308325, 1151.2359754331862, 1020.0428371608851, 1123.4497870893877, 911.6555240234314, 680.3746647910071, 898.3481531715046, 937.9078385053235, 842.2128490219571, 1004.7404005719361, 768.0647361408355, 705.0860533495124, 1333.6601733808836, 1147.0513027541988, 1455.7357979956025, 1203.4845285603922, 1207.7259974162957, 745.3672686229347, 1186.8255378720376, 1275.0582539404932, 1060.7815960403325, 900.3457233296695, 978.2618971011896, 919.8144089867515, 819.8430152285513, 1023.5821597147258, 713.548636914676, 1285.1526960714089, 887.4684936404742]
All variety: [0.0, 10.0, 30.0, 20.0, 30.0, 0.0, 120.0, 20.0, 110.0, 0.0, 0.0, 10.0, 0.0, 0.0, 10.0, 10.0, 150.0, 0.0, 0.0, 10.0, 10.0, 0.0, 10.0, 0.0, 0.0, 10.0, 10.0, 0.0, 110.0, 0.0, 0.0, 20.0, 120.0, 10.0, 0.0, 10.0, 0.0, 10.0, 0.0, 140.0, 0.0, 20.0, 0.0, 0.0, 10.0, 10.0, 0.0, 130.0, 0.0, 110.0, 20.0, 0.0, 10.0, 0.0, 110.0, 10.0, 10.0, 0.0, 0.0, 20.0, 30.0, 0.0, 30.0, 0.0, 0.0, 20.0, 0.0, 10.0]
All execution times: [6.690085411071777, 6.4905314445495605, 6.566509008407593, 6.644501209259033, 6.5958802700042725, 6.676161766052246, 7.107202768325806, 7.086429834365845, 6.5728538036346436, 6.538439989089966, 6.846392869949341, 6.552568435668945, 6.50462794303894, 6.456070423126221, 6.545478105545044, 6.580401420593262, 6.599083662033081, 6.379541397094727, 6.533528566360474, 6.4786810874938965, 6.439013957977295, 6.489406108856201, 6.392309904098511, 6.391135215759277, 6.396859169006348, 6.342936277389526, 6.508199453353882, 6.649520635604858, 6.376464605331421, 6.3519370555877686]