NSGA-II - Row Crossover - Instance 12            
Fitness objective:
    Median: 1312.162651572787
    Max: 1829.2587067795416
    Min: 975.7559278130258
    Std. Dev.: 212.91553199123624
                    
Variety objective:
    Median: 10.0
    Max: 240.0
    Min: 0.0
    Std. Dev.: 41.8807744620346

Execution times:
    Median: 6.469290494918823
    Max: 6.918572664260864
    Min: 6.259373426437378
    Std. Dev.: 0.12570768220920403
                    
Algorithm data:
    Algorithm: NSGA-II
    Executions: 30
    Population size: 100
    Offspring population size: 2
    Mutation probability: 0.5
    Crossover probability: 0.3
    Probability of parent: 0.25
    Number of evaluations: 1000
    Execution time: 6.918572664260864
                    
Problem data:
    Number of days: 7
    Number of meals: 4
    Max portions: 4
                    
Model objective:
    Calories: 2000.0
    Protein: 153.0
    Carbs: 205.0
    Fat: 68.0
                    
Model Hiperparameters:
    Alpha: 1.0
    Beta: 1.0
    Gamma: 0.75
    Delta: 100.0
    Sigma: 10.0
                    
All fitness: [1385.4355954444136, 1308.4168967161454, 1285.6976223102295, 1136.4655409018833, 1248.859202627633, 1596.2490846883622, 1640.8001091778192, 1074.142994754924, 1620.4484022169288, 1015.4500270495635, 1551.6322488550766, 1203.547345479955, 1825.2603487312604, 1574.9291880906214, 1272.797664243891, 1180.7819690754088, 1254.068444806056, 1591.5220730224637, 1453.9646186115908, 1305.4950289741057, 1326.3319576591446, 1529.2330278796094, 1158.10354306375, 1471.436232258435, 1299.7296257551795, 1588.598509132914, 982.0097684854334, 1037.2371262074669, 1161.5067404586132, 1620.6213456995295, 1354.8235106104285, 1121.6795037748375, 1088.4433294552061, 1201.3779739328393, 1238.2791765007591, 1500.2780218803819, 1099.7483743266114, 1348.541465358548, 1720.22644338656, 1259.3135237300362, 1201.2218754945231, 1408.435718757105, 1570.0257356102697, 1505.9237638740349, 1189.6237921636182, 1829.2587067795416, 1308.1678386969227, 1419.1978115067604, 1315.9084064294284, 1633.6189596232996, 1379.2917730871554, 1291.2354783219237, 1770.726010462727, 1557.7098490538626, 1006.0437479271154, 1672.7653762705795, 1422.5511831022154, 1376.8914201270215, 1233.124523079795, 1399.3938424189912, 1356.0205839857358, 1443.8581508228435, 1133.8315695461445, 1258.8699851769752, 1258.6233618859362, 1644.6724324086915, 1042.5593535200464, 975.7559278130258, 1565.377945527848, 1120.5164615508174, 1106.365394592821, 1369.9549046534157, 1056.6126675270436, 1242.0595651104954]
All variety: [0.0, 20.0, 130.0, 0.0, 10.0, 0.0, 0.0, 20.0, 10.0, 0.0, 0.0, 10.0, 0.0, 10.0, 40.0, 20.0, 10.0, 0.0, 0.0, 20.0, 10.0, 0.0, 30.0, 10.0, 20.0, 0.0, 0.0, 0.0, 20.0, 0.0, 10.0, 110.0, 140.0, 20.0, 0.0, 10.0, 120.0, 20.0, 0.0, 20.0, 130.0, 10.0, 0.0, 10.0, 20.0, 0.0, 20.0, 0.0, 10.0, 0.0, 20.0, 0.0, 0.0, 10.0, 20.0, 0.0, 10.0, 20.0, 40.0, 0.0, 40.0, 0.0, 120.0, 0.0, 240.0, 0.0, 20.0, 10.0, 0.0, 0.0, 10.0, 0.0, 20.0, 10.0]
All execution times: [6.388777017593384, 6.440298080444336, 6.418874025344849, 6.477570533752441, 6.374176740646362, 6.493314981460571, 6.6454386711120605, 6.518676996231079, 6.585569858551025, 6.431358337402344, 6.42905855178833, 6.422950029373169, 6.457790851593018, 6.259373426437378, 6.373526334762573, 6.376263618469238, 6.318665266036987, 6.328860759735107, 6.523035526275635, 6.5343382358551025, 6.4923059940338135, 6.459627151489258, 6.539450168609619, 6.530067205429077, 6.461010456085205, 6.536391258239746, 6.643850088119507, 6.69045090675354, 6.541126251220703, 6.918572664260864]