NSGA-II - Column Crossover - Instance 3            
Fitness objective:
    Median: 1376.9594154380636
    Max: 2025.0357267502757
    Min: 832.160010843513
    Std. Dev.: 250.8840387096305
                    
Variety objective:
    Median: 10.0
    Max: 160.0
    Min: 0.0
    Std. Dev.: 27.5610198573437

Execution times:
    Median: 6.319178819656372
    Max: 6.67947518825531
    Min: 7.032896041870117
    Std. Dev.: 0.1621585679532289
                    
Algorithm data:
    Algorithm: NSGA-II
    Executions: 30
    Population size: 100
    Offspring population size: 2
    Mutation probability: 0.5
    Crossover probability: 0.3
    Probability of parent: 0.25
    Number of evaluations: 1000
    Execution time: 6.529341459274292
                    
Problem data:
    Number of days: 7
    Number of meals: 4
    Max portions: 4
                    
Model objective:
    Calories: 2000.0
    Protein: 153.0
    Carbs: 205.0
    Fat: 68.0
                    
Model Hiperparameters:
    Alpha: 1.0
    Beta: 1.0
    Gamma: 0.75
    Delta: 100.0
    Sigma: 10.0
                    
All fitness: [1404.324811591669, 1137.0558400192297, 1525.5802082356593, 1590.079418219955, 1431.681374286937, 1187.585543100042, 1376.9594154380636, 1213.74922269259, 1527.0254865853387, 1309.3646345475331, 1136.8622909449462, 1140.6706251643416, 1328.7524918538093, 1320.3574678893306, 1321.7214496160427, 1392.6210326237256, 1394.7082908369066, 1469.405134944333, 1615.1537008946111, 1440.238177977682, 1373.675765757571, 1568.9837340324373, 1156.9930656579884, 1301.2706788165617, 1308.9180714424147, 1073.1501966684616, 861.1776325528273, 1131.1603056646795, 1682.5684973578302, 1130.7928347448137, 1758.0026572769875, 1255.0995325772685, 1395.3905159043038, 1730.8181650698066, 1021.8736380753076, 1546.4694181384439, 1232.3666914612493, 1425.0130354843889, 832.160010843513, 975.0289993017201, 1636.3022928876974, 1316.5885806147733, 1417.5306599770383, 1595.884078622643, 1429.943360699487, 1194.8701071629673, 1686.9519379827063, 1758.4327596655894, 1487.5637430675947, 1511.8789988683623, 1348.7300624835573, 1179.1610378957175, 1048.4531652464696, 1639.0664238851903, 1238.6659737885898, 1074.573526023113, 1331.7484846560685, 1377.5919241402762, 1352.8547196764034, 1186.4392415202146, 1711.6233677554574, 1650.2326844643787, 1631.6208758575374, 1520.1535355164224, 978.0531296962135, 903.6212384438137, 1272.801754101986, 1759.0948833037696, 1152.9152221810614, 1761.9347207553578, 1365.8089362303635, 1501.5971989972293, 1313.9726573667874, 857.7891595070487, 2025.0357267502757, 1776.0285372197861, 1445.6979048269313, 1668.2870768179075, 1743.529646169823, 1810.2447298025486, 1255.9279491617715]
All variety: [20.0, 30.0, 10.0, 0.0, 0.0, 30.0, 20.0, 10.0, 0.0, 0.0, 30.0, 0.0, 0.0, 130.0, 10.0, 30.0, 20.0, 10.0, 0.0, 10.0, 20.0, 0.0, 20.0, 10.0, 0.0, 30.0, 10.0, 0.0, 10.0, 20.0, 0.0, 30.0, 10.0, 0.0, 0.0, 0.0, 50.0, 10.0, 20.0, 10.0, 0.0, 40.0, 20.0, 0.0, 0.0, 20.0, 10.0, 0.0, 30.0, 0.0, 160.0, 20.0, 130.0, 0.0, 10.0, 30.0, 10.0, 0.0, 0.0, 40.0, 0.0, 10.0, 60.0, 0.0, 10.0, 30.0, 10.0, 0.0, 10.0, 0.0, 10.0, 0.0, 0.0, 10.0, 0.0, 10.0, 30.0, 20.0, 10.0, 0.0, 20.0]
All execution times: [6.6883225440979, 6.590852499008179, 6.972690105438232, 6.597082853317261, 6.854100465774536, 6.638906002044678, 6.951134443283081, 6.765539646148682, 6.820498943328857, 6.517846584320068, 6.696029186248779, 6.64695143699646, 6.681664943695068, 6.702762126922607, 6.654362201690674, 6.720100164413452, 6.766361474990845, 6.872490167617798, 6.595840215682983, 6.5229575634002686, 6.482893943786621, 6.677285432815552, 6.731921434402466, 7.032896041870117, 6.9068474769592285, 6.600206613540649, 6.532428026199341, 6.319178819656372, 6.454226732254028, 6.529341459274292]