NSGA-II - Row Crossover - Instance 18            
Fitness objective:
    Median: 1331.8894402626104
    Max: 1798.810360385254
    Min: 749.0517478702667
    Std. Dev.: 201.02615570022903
                    
Variety objective:
    Median: 10.0
    Max: 150.0
    Min: 0.0
    Std. Dev.: 42.962876262161814

Execution times:
    Median: 6.6506980657577515
    Max: 7.994067907333374
    Min: 6.456280708312988
    Std. Dev.: 0.2635713007951936
                    
Algorithm data:
    Algorithm: NSGA-II
    Executions: 30
    Population size: 100
    Offspring population size: 2
    Mutation probability: 0.5
    Crossover probability: 0.8
    Crossover type: Row Crossover
    Probability of parent: 0.25
    Number of evaluations: 1000
    Execution time: 6.5568671226501465
                    
Problem data:
    Number of days: 7
    Number of meals: 4
    Max portions: 4
                    
Model objective:
    Calories: 2000.0
    Protein: 153.0
    Carbs: 205.0
    Fat: 68.0
                    
Model Hiperparameters:
    Alpha: 1.0
    Beta: 1.0
    Gamma: 0.75
    Delta: 100.0
    Sigma: 10.0
                    
All fitness: [1235.4085161141936, 1401.580157807456, 1152.1975152040932, 1114.675228501434, 1427.7218699646849, 1258.9367405511932, 1082.6327638787993, 1229.1869511580403, 1145.2629607691092, 1191.7985383878981, 1498.2367421716137, 1581.4229747911872, 1610.9383885537031, 1301.4463121453093, 1242.8439938951135, 749.0517478702667, 1449.9678325883726, 1182.7337242661074, 1329.143156086808, 1441.7473220868733, 1273.7732838909938, 1707.9113719964917, 1639.2208332640237, 1302.526467772077, 1228.7575380391686, 1367.3364957433882, 1089.5223184101783, 1505.6303918716776, 990.9911785330427, 1280.3629819546595, 1742.018212854088, 1227.76788280332, 1549.426400576477, 1316.9853341252083, 1391.021506740224, 1265.4360834745767, 1315.6505486718213, 960.4629537988408, 854.869704312443, 1518.5554105442407, 1296.3477806470548, 1045.90326959692, 1426.130624409707, 1400.601018908868, 1387.0245521689596, 1222.7606371129446, 1397.6783772583033, 1687.2903481251994, 1538.4323426221488, 1566.7148563259216, 1414.6823015507644, 1412.0442055523931, 1394.6296640001572, 1524.56234182019, 1497.292955147183, 1433.2557606368223, 1175.4873320208007, 1331.8894402626104, 1076.1754228301625, 1326.890624483477, 1473.387291030713, 1148.9401470647174, 1452.2990637586302, 1361.8223256542476, 1278.051985078501, 1645.320637840519, 1241.0503375291285, 1798.810360385254, 1431.1872542604751, 1400.8061692511617, 1158.6613074609916, 1188.347566110356, 1544.5893332824933, 1761.479630858582, 1326.125955940814, 1331.512988421775, 1479.0488104383921]
All variety: [10.0, 0.0, 110.0, 130.0, 0.0, 40.0, 150.0, 0.0, 20.0, 20.0, 10.0, 0.0, 0.0, 30.0, 40.0, 0.0, 0.0, 20.0, 10.0, 10.0, 130.0, 0.0, 0.0, 10.0, 20.0, 10.0, 30.0, 0.0, 150.0, 10.0, 0.0, 10.0, 0.0, 20.0, 0.0, 120.0, 0.0, 10.0, 130.0, 0.0, 40.0, 120.0, 0.0, 10.0, 20.0, 110.0, 0.0, 0.0, 20.0, 10.0, 0.0, 10.0, 110.0, 0.0, 10.0, 110.0, 0.0, 0.0, 10.0, 0.0, 0.0, 30.0, 10.0, 20.0, 10.0, 0.0, 110.0, 0.0, 10.0, 0.0, 30.0, 0.0, 10.0, 0.0, 30.0, 10.0, 0.0]
All execution times: [6.65136456489563, 6.836676836013794, 6.570363521575928, 6.832862138748169, 6.741563081741333, 6.721327543258667, 6.56602144241333, 6.519335031509399, 6.559515953063965, 6.728666305541992, 6.6928486824035645, 6.545060634613037, 6.681125164031982, 6.650031566619873, 6.797212839126587, 6.528055906295776, 6.799557209014893, 6.595912456512451, 6.699194669723511, 7.994067907333374, 6.810810089111328, 6.649348258972168, 6.572042465209961, 6.456280708312988, 6.605122089385986, 6.73024845123291, 6.687308311462402, 6.466655731201172, 6.559970855712891, 6.5568671226501465]