NSGA-II - Row Crossover - Instance 15            
Fitness objective:
    Median: 1381.2344821256952
    Max: 1943.1257702912137
    Min: 842.810027134788
    Std. Dev.: 219.81751083464263
                    
Variety objective:
    Median: 10.0
    Max: 150.0
    Min: 0.0
    Std. Dev.: 33.43348297640432
                    
Execution times:
    Median: 6.567613959312439
    Max: 6.875132083892822
    Min: 6.337717056274414
    Std. Dev.: 0.17002174574177156

Algorithm data:
    Algorithm: NSGA-II
    Executions: 30
    Population size: 100
    Offspring population size: 2
    Mutation probability: 0.5
    Crossover probability: 0.5
    Probability of parent: 0.25
    Number of evaluations: 1000
    Execution time: 6.37422513961792
                    
Problem data:
    Number of days: 7
    Number of meals: 4
    Max portions: 4
                    
Model objective:
    Calories: 2000.0
    Protein: 153.0
    Carbs: 205.0
    Fat: 68.0
                    
Model Hiperparameters:
    Alpha: 1.0
    Beta: 1.0
    Gamma: 0.75
    Delta: 100.0
    Sigma: 10.0
                    
All fitness: [1528.1698287014738, 1276.1104268624108, 1332.922078619476, 1220.736018182283, 1381.7289335665898, 1751.2117000013204, 1478.0608045464094, 1325.437721009065, 1484.819886681188, 1255.5140740472696, 1600.6244582499196, 1181.212703688643, 1270.7051512583025, 1298.0667589741336, 1272.111154941884, 1270.5049861014595, 1045.873511494515, 1388.6499681892424, 1400.4161540425687, 938.7987931205774, 1259.7448665562702, 944.0067177034157, 1943.1257702912137, 1277.5327539017355, 1381.3499659105446, 1387.7585264439288, 1462.9070443208132, 1221.473701797592, 1328.0607324727628, 1593.7233346020564, 1399.8581814131694, 1228.856008314808, 1192.8333270524276, 1385.563720979011, 1588.7077630072017, 1573.359134843461, 1426.2662503794406, 1611.8353862111808, 1359.1803985046763, 1512.9141227195921, 1374.1239310992776, 1571.1413279191033, 1332.263534805152, 1465.8322627971388, 1598.6134745770717, 964.3466956575903, 1255.3747836165403, 1534.7914049712365, 992.4571670717265, 1473.2336004420488, 1176.2061095571753, 1637.3295464654093, 1348.2846120469528, 1435.158756191903, 1674.5708272862546, 1765.7678063674157, 1381.1189983408458, 1512.285969771416, 1316.253023490504, 1690.1187209402297, 1482.0237778558792, 1087.1247280640162, 1598.3713078606174, 1235.2557217958379, 842.810027134788, 1439.5752586399672, 1736.4945792879128, 1176.4177511677965, 1153.1291442736233, 1213.5031379906934, 1355.2699494268945, 1421.777202553562, 1779.2931041027296, 935.6357915187895, 1426.1712413256366, 951.7888391897092]
All variety: [0.0, 10.0, 0.0, 20.0, 30.0, 0.0, 10.0, 10.0, 0.0, 20.0, 0.0, 10.0, 0.0, 0.0, 30.0, 0.0, 40.0, 10.0, 0.0, 150.0, 0.0, 120.0, 0.0, 10.0, 20.0, 0.0, 0.0, 10.0, 10.0, 0.0, 0.0, 20.0, 20.0, 10.0, 0.0, 0.0, 10.0, 0.0, 10.0, 10.0, 30.0, 0.0, 130.0, 20.0, 0.0, 20.0, 10.0, 0.0, 10.0, 0.0, 10.0, 0.0, 20.0, 20.0, 10.0, 0.0, 40.0, 10.0, 120.0, 0.0, 30.0, 20.0, 0.0, 10.0, 30.0, 10.0, 0.0, 0.0, 110.0, 40.0, 20.0, 10.0, 0.0, 130.0, 0.0, 10.0]
All execution times: [6.598676681518555, 6.83003568649292, 6.875132083892822, 6.764369487762451, 6.518435716629028, 6.453911781311035, 6.577821969985962, 6.345409393310547, 6.4211108684539795, 6.399777173995972, 6.521562576293945, 6.543293714523315, 6.580543279647827, 6.566824436187744, 6.578492641448975, 6.823031902313232, 6.7783849239349365, 6.833254814147949, 6.6652514934539795, 6.785680055618286, 6.851354360580444, 6.568403482437134, 6.554943561553955, 6.742201805114746, 6.524866819381714, 6.3636698722839355, 6.378880023956299, 6.374380588531494, 6.337717056274414, 6.37422513961792]