NSGA-II - Row Crossover - Instance 17            
Fitness objective:
    Median: 1057.709590199076
    Max: 1619.4062347473512
    Min: 767.5205003678849
    Std. Dev.: 181.43548196833316
                    
Variety objective:
    Median: 10.0
    Max: 230.0
    Min: 0.0
    Std. Dev.: 44.00608975411871

Execution times:
    Median: 6.658402800559998
    Max: 8.332335710525513
    Min: 6.387561559677124
    Std. Dev.: 0.34819592288619533
                    
Algorithm data:
    Algorithm: NSGA-II
    Executions: 30
    Population size: 100
    Offspring population size: 2
    Mutation probability: 0.3
    Crossover probability: 0.8
    Probability of parent: 0.25
    Number of evaluations: 1000
    Execution time: 6.6612935066223145
                    
Problem data:
    Number of days: 7
    Number of meals: 4
    Max portions: 4
                    
Model objective:
    Calories: 2000.0
    Protein: 153.0
    Carbs: 205.0
    Fat: 68.0
                    
Model Hiperparameters:
    Alpha: 1.0
    Beta: 1.0
    Gamma: 0.75
    Delta: 100.0
    Sigma: 10.0
                    
All fitness: [1063.5080069091778, 1147.9427202369898, 1037.1645059125035, 1318.1933791786155, 1164.5757491835652, 1018.2969954156057, 1311.820662135148, 1018.5948483648741, 1151.0554329190936, 957.6284019924451, 1331.0784143472313, 930.6735558766068, 954.8580252391705, 1158.3966919200955, 786.0672763426579, 1042.6540846325365, 826.68155395577, 991.9803648791742, 1228.962701977453, 959.4790181031428, 1035.916083693297, 1320.420062602737, 1160.3864334641084, 1009.1827702854814, 1178.3548391178294, 1116.0475846518093, 800.3472354276945, 1057.709590199076, 1052.0747302264338, 1188.275673239195, 1085.7369323605596, 1221.0310590132403, 1153.1880475533114, 1189.0873097933354, 868.5573764505747, 1004.8227076665407, 1229.8861942748572, 1056.36234026823, 1157.4060008634067, 903.1580787263516, 767.5205003678849, 1081.491614605141, 1026.5504740024844, 1579.4051938666537, 804.4822985885853, 845.4836400296789, 1432.8093262361865, 884.3544949010223, 1112.2374087577014, 1528.204914645531, 1198.18582539521, 1074.5985511560925, 1141.359242759548, 1497.669411304698, 894.5822943992744, 1047.2762238589773, 1128.879992102913, 953.5727414848518, 1218.4747346118, 1110.4456806390986, 1099.4306838629777, 992.4734252663002, 1184.4992655234505, 1126.8553100881636, 918.5894895074488, 960.2682247691457, 768.584548149943, 1006.956355183862, 910.3893372607301, 1619.4062347473512, 1018.0144386496197, 926.7539616426409, 1013.3135369475099]
All variety: [20.0, 10.0, 120.0, 0.0, 0.0, 10.0, 0.0, 120.0, 10.0, 10.0, 0.0, 10.0, 0.0, 0.0, 110.0, 10.0, 10.0, 0.0, 0.0, 10.0, 20.0, 0.0, 10.0, 20.0, 0.0, 10.0, 0.0, 0.0, 10.0, 20.0, 230.0, 0.0, 120.0, 0.0, 20.0, 10.0, 0.0, 20.0, 0.0, 40.0, 10.0, 0.0, 10.0, 0.0, 30.0, 0.0, 0.0, 150.0, 10.0, 0.0, 10.0, 30.0, 10.0, 0.0, 20.0, 0.0, 0.0, 10.0, 0.0, 30.0, 0.0, 10.0, 0.0, 40.0, 110.0, 0.0, 130.0, 10.0, 30.0, 0.0, 0.0, 110.0, 20.0]
All execution times: [6.652352571487427, 6.590764999389648, 6.736262559890747, 6.739360570907593, 8.332335710525513, 6.655512094497681, 6.896607875823975, 6.844545364379883, 6.7439422607421875, 6.7310521602630615, 6.714863061904907, 6.654545307159424, 6.5156989097595215, 6.502784490585327, 6.583635330200195, 6.553575038909912, 6.622130870819092, 6.387561559677124, 6.504417181015015, 6.620129823684692, 7.351182222366333, 7.091737985610962, 6.90519905090332, 6.7912843227386475, 6.586923122406006, 6.7624030113220215, 6.574824571609497, 6.744572401046753, 6.482272624969482, 6.6612935066223145]