NSGA-II - Column Crossover - Instance 6            
Fitness objective:
    Median: 1375.9465946421142
    Max: 1893.7173816582374
    Min: 736.0228266628866
    Std. Dev.: 262.8838881202916
                    
Variety objective:
    Median: 10.0
    Max: 230.0
    Min: 0.0
    Std. Dev.: 41.81130952035893

Execution times:
    Median: 6.321692943572998
    Max: 6.517685890197754
    Min: 6.708869695663452
    Std. Dev.: 0.11442390402489348
                    
Algorithm data:
    Algorithm: NSGA-II
    Executions: 30
    Population size: 100
    Offspring population size: 2
    Mutation probability: 0.5
    Crossover probability: 0.5
    Probability of parent: 0.25
    Number of evaluations: 1000
    Execution time: 6.355993747711182
                    
Problem data:
    Number of days: 7
    Number of meals: 4
    Max portions: 4
                    
Model objective:
    Calories: 2000.0
    Protein: 153.0
    Carbs: 205.0
    Fat: 68.0
                    
Model Hiperparameters:
    Alpha: 1.0
    Beta: 1.0
    Gamma: 0.75
    Delta: 100.0
    Sigma: 10.0
                    
All fitness: [1121.3899154812864, 1240.3742841867045, 1611.8949672067142, 1294.0313705126903, 961.8356929866928, 1425.0272663449346, 1264.7804133162329, 1385.4557951804213, 1190.56782714345, 1758.1767122601266, 866.216794423684, 1552.0762018862733, 736.0228266628866, 1766.1068076791528, 1080.709509785138, 1161.5454265947146, 1299.8263863135328, 1591.0317208170065, 1368.305914280157, 1123.702508111698, 1420.8436776717533, 1268.0695583070647, 1600.2881365371888, 1440.3256212162835, 1377.0869644266436, 1350.731818575837, 1077.8290890281805, 1169.837467539433, 1374.8062248575845, 1699.4221438086772, 1591.7111621338906, 1526.11256280556, 1387.5200432091694, 1796.0214356923996, 1183.500540245569, 1553.5407272856442, 1213.2962176417025, 1091.4006805938554, 1875.5864737315603, 867.1793941300788, 1089.3371477352684, 1298.7087227652094, 1060.463311810995, 1110.6181717246634, 1690.0250930391455, 1366.358193725893, 1198.9516644523728, 1572.7184847270353, 1551.1721962902668, 1611.3276974116798, 1071.425732070324, 1418.9196008189765, 1533.477217224373, 1461.4532382009932, 1893.7173816582374, 1401.3799872305383, 1291.2101564326374, 1528.293709500409, 1383.5449182262375, 891.5415109150639, 1862.3571257489407, 1667.7611189830307, 1522.497807271718, 1222.1002832624977, 1462.6540876644892, 1585.2085122452754, 1790.0536106315603, 1359.3492405902855, 1292.4602221683317, 1542.8932781353863, 1223.465729653505, 1471.2240669845767, 905.2105499731348, 1303.1523944865887, 1813.5731957579474, 1316.5216823240587, 1687.1438499434657, 1281.1695524446416, 1833.4085629700796, 1434.5323218876042, 964.3761489900725, 1097.1022718208185]
All variety: [50.0, 30.0, 0.0, 20.0, 120.0, 0.0, 10.0, 0.0, 20.0, 0.0, 20.0, 10.0, 130.0, 0.0, 10.0, 30.0, 20.0, 0.0, 10.0, 130.0, 10.0, 30.0, 0.0, 0.0, 20.0, 50.0, 10.0, 0.0, 110.0, 0.0, 20.0, 30.0, 0.0, 0.0, 10.0, 0.0, 10.0, 20.0, 0.0, 10.0, 10.0, 0.0, 140.0, 10.0, 0.0, 0.0, 30.0, 10.0, 30.0, 0.0, 10.0, 0.0, 10.0, 130.0, 0.0, 230.0, 20.0, 0.0, 0.0, 10.0, 0.0, 10.0, 20.0, 140.0, 40.0, 10.0, 0.0, 20.0, 40.0, 0.0, 20.0, 10.0, 0.0, 10.0, 0.0, 10.0, 0.0, 20.0, 0.0, 10.0, 20.0, 0.0]
All execution times: [6.540259122848511, 6.546836614608765, 6.42362117767334, 6.503574848175049, 6.648127794265747, 6.378079175949097, 6.4440882205963135, 6.565350532531738, 6.708869695663452, 6.640310049057007, 6.549375057220459, 6.4654152393341064, 6.664397716522217, 6.62699818611145, 6.596900701522827, 6.542796850204468, 6.439317464828491, 6.38576340675354, 6.660488605499268, 6.354194164276123, 6.33240008354187, 6.482427597045898, 6.3250532150268555, 6.346341133117676, 6.531796932220459, 6.321692943572998, 6.549161195755005, 6.398469924926758, 6.572750568389893, 6.355993747711182]