NSGA-II - Column Crossover - Instance 2            
Fitness objective:
    Median: 1126.4866075919176
    Max: 1605.2888018759656
    Min: 586.0414160866547
    Std. Dev.: 212.8495288542432
                    
Variety objective:
    Median: 10.0
    Max: 240.0
    Min: 0.0
    Std. Dev.: 44.87239435352499

Execution times:
    Median: 6.452322006225586
    Max: 6.644489049911499
    Min: 7.440463542938232
    Std. Dev.: 0.2274985924304276
                    
Algorithm data:
    Algorithm: NSGA-II
    Executions: 30
    Population size: 100
    Offspring population size: 2
    Mutation probability: 0.3
    Crossover probability: 0.3
    Probability of parent: 0.25
    Number of evaluations: 1000
    Execution time: 6.701260089874268
                    
Problem data:
    Number of days: 7
    Number of meals: 4
    Max portions: 4
                    
Model objective:
    Calories: 2000.0
    Protein: 153.0
    Carbs: 205.0
    Fat: 68.0
                    
Model Hiperparameters:
    Alpha: 1.0
    Beta: 1.0
    Gamma: 0.75
    Delta: 100.0
    Sigma: 10.0
                    
All fitness: [1295.9118198304404, 1190.910422006655, 1220.9018077599308, 1021.3917135197792, 1050.861155056341, 978.706902193628, 1138.0463879244048, 941.3683955938286, 718.7602039951998, 1235.9082681086434, 1309.7432515370008, 1066.4308133157854, 1306.4450819820547, 1239.0533651276353, 1202.78915450346, 1018.0392696828063, 1380.076575080799, 1178.762842486889, 983.4030835198555, 1267.1833850852304, 1220.9072548454806, 1045.8096238223143, 1331.6357404398586, 1096.4482891781652, 995.7294936812979, 1282.7608689169908, 990.3691938277715, 1248.7595347581332, 994.8868963417854, 1007.404361669184, 1598.9710352616055, 861.8693366124883, 1441.4060558759181, 743.4863137851884, 1443.9918033022263, 1202.1385393985413, 1605.2888018759656, 1484.3082606629544, 1195.8439243598195, 1176.181371236258, 1483.8420007820778, 1307.0955539866468, 1604.5927679315823, 1218.4197040592799, 1084.5612323432729, 975.5512073718184, 958.7130130883131, 1354.9005767668618, 1027.5226866585751, 807.8043086222491, 900.6230524375306, 704.3192243227948, 586.0414160866547, 1145.7575664561002, 1014.2991485262776, 1168.218575938935, 1186.683659612968, 672.9776100872929, 1217.7361701063908, 946.5156573973197, 951.9218926074401, 1029.1550497649373, 1122.518354504034, 993.4607717969643, 1519.8101477544885, 1103.3439439263645, 1061.6350911232905, 990.6951658387629, 1177.667824803434, 1123.8863726506765, 945.8809656944563, 1129.0868425331585, 1043.3050953505413, 1129.3537385829086]
All variety: [0.0, 120.0, 10.0, 30.0, 0.0, 10.0, 0.0, 0.0, 10.0, 20.0, 0.0, 30.0, 10.0, 20.0, 30.0, 240.0, 0.0, 140.0, 30.0, 0.0, 10.0, 20.0, 0.0, 10.0, 0.0, 0.0, 10.0, 10.0, 30.0, 20.0, 0.0, 0.0, 0.0, 10.0, 20.0, 110.0, 0.0, 10.0, 0.0, 120.0, 10.0, 20.0, 0.0, 0.0, 0.0, 110.0, 120.0, 0.0, 10.0, 0.0, 0.0, 20.0, 30.0, 0.0, 10.0, 120.0, 0.0, 120.0, 0.0, 20.0, 10.0, 20.0, 0.0, 10.0, 0.0, 0.0, 30.0, 0.0, 0.0, 10.0, 110.0, 20.0, 30.0, 0.0]
All execution times: [6.780500173568726, 6.756379127502441, 6.57950758934021, 6.452322006225586, 6.572646379470825, 6.540645360946655, 6.772108793258667, 6.660537242889404, 6.502305269241333, 6.4606921672821045, 6.51343560218811, 6.482772350311279, 6.481828689575195, 6.4562766551971436, 6.617215156555176, 6.611566066741943, 6.956622123718262, 6.673390865325928, 6.628440856933594, 6.671120882034302, 7.144134283065796, 6.901535272598267, 6.625816345214844, 6.54505729675293, 6.670232057571411, 6.690050840377808, 6.760409355163574, 7.440463542938232, 7.176391124725342, 6.701260089874268]