NSGA-II - Column Crossover - Instance 7            
Fitness objective:
    Median: 601.126000381998
    Max: 872.8903594061403
    Min: 401.42361182291546
    Std. Dev.: 110.59910546273944
                    
Variety objective:
    Median: 10.0
    Max: 110.0
    Min: 0.0
    Std. Dev.: 23.937887562136723

Execution times:
    Median: 6.285707235336304
    Max: 6.483181357383728
    Min: 7.255932569503784
    Std. Dev.: 0.15850464334945935
                    
Algorithm data:
    Algorithm: NSGA-II
    Executions: 30
    Population size: 100
    Offspring population size: 2
    Mutation probability: 0.1
    Crossover probability: 0.8
    Probability of parent: 0.25
    Number of evaluations: 1000
    Execution time: 6.659184694290161
                    
Problem data:
    Number of days: 7
    Number of meals: 4
    Max portions: 4
                    
Model objective:
    Calories: 2000.0
    Protein: 153.0
    Carbs: 205.0
    Fat: 68.0
                    
Model Hiperparameters:
    Alpha: 1.0
    Beta: 1.0
    Gamma: 0.75
    Delta: 100.0
    Sigma: 10.0
                    
All fitness: [577.1429653106491, 760.2086454354202, 519.4913815844342, 560.161335606745, 638.2976994023649, 729.7006248015128, 798.6627293623311, 628.2083691640681, 401.42361182291546, 606.3433082907088, 576.5273678271329, 553.7302422358542, 646.6809368328394, 650.4006975478716, 581.9312266088579, 540.430178890232, 781.9790370265347, 869.3149166863727, 799.3236731647983, 601.226530156297, 482.4218717904429, 651.1318717922952, 688.373548724614, 872.8903594061403, 616.3731500445106, 537.138414353986, 696.4477970098494, 567.320200019939, 593.1814727302614, 622.9986647998733, 441.3759028376207, 702.6513487231682, 789.1715907055045, 788.6683953796635, 561.1748072025526, 513.5494435630416, 693.3613586998879, 601.0254706076988, 740.3441094356607, 534.0912453620301, 566.7224131989814, 454.6541573608309, 572.2020029656795, 578.4516107931918, 708.9168339103817, 447.7065480166403, 616.0517323784402, 490.7631378804246, 604.0249980190346, 738.3825282263545, 722.6276238594354, 574.1379510601417, 872.195053777086, 638.5653947747302, 571.3308704374482, 461.3959834734428, 431.77609215768484, 578.6856942438163, 705.48687785703, 536.7861182766652, 529.7419462230151, 606.3452717281842, 565.848486473405, 540.3833846984572]
All variety: [0.0, 0.0, 0.0, 20.0, 10.0, 0.0, 0.0, 10.0, 0.0, 0.0, 10.0, 10.0, 0.0, 0.0, 10.0, 20.0, 10.0, 0.0, 0.0, 10.0, 10.0, 0.0, 10.0, 0.0, 20.0, 0.0, 0.0, 40.0, 20.0, 10.0, 0.0, 40.0, 0.0, 30.0, 0.0, 10.0, 10.0, 20.0, 0.0, 0.0, 0.0, 20.0, 20.0, 10.0, 0.0, 30.0, 10.0, 110.0, 40.0, 0.0, 0.0, 20.0, 0.0, 10.0, 0.0, 20.0, 110.0, 20.0, 0.0, 0.0, 10.0, 0.0, 0.0, 110.0]
All execution times: [6.512272596359253, 6.544893026351929, 6.4413018226623535, 6.285707235336304, 6.4716362953186035, 6.586707353591919, 6.522411108016968, 6.570379972457886, 6.447739839553833, 6.533105373382568, 6.443989515304565, 6.447031021118164, 6.471647262573242, 6.46049427986145, 6.4277448654174805, 6.413283109664917, 6.606346607208252, 7.255932569503784, 6.568805694580078, 6.605792284011841, 6.46159029006958, 6.429166555404663, 6.415701150894165, 6.586605072021484, 6.627821207046509, 6.485821485519409, 6.480541229248047, 6.453624963760376, 6.657692193984985, 6.659184694290161]