NSGA-II - Instance 2 - AE 7 - Column Crossover            
f1 objective:
    Median: 808.4555445475789
    Max: 1411.2873655852918
    Min: 461.95592198897737
    Std. Dev.: 181.89172760274215
                    
f2 objective:
    Median: 10.0
    Max: 130.0
    Min: 0.0
    Std. Dev.: 30.46354122143386

Execution times:
    Median: 5.844655156135559
    Max: 5.983391761779785
    Min: 5.738264560699463
    Std. Dev.: 0.07380889647240955            
    
Algorithm data:
    Algorithm: NSGA-II
    Executions: 30
    Population size: 100
    Offspring population size: 2
    Mutation probability: 0.1
    Crossover probability: 0.8
    Crossover type: Column Crossover
    Probability of parent: 0.25
    Number of evaluations: 1000
    Execution time: 5.738264560699463
                    
Problem data:
    Number of days: 7
    Number of meals: 4
    Max portions: 4
                    
Model objective:
    Calories: 1704.0
    Protein: 128.0
    Carbs: 170.0
    Fat: 57.0
                    
Model Hiperparameters:
    Alpha: 1.0
    Beta: 1.0
    Gamma: 0.75
    Delta: 100.0
    Sigma: 10.0
                    
All f1: [1203.844156915175, 828.6804352049104, 826.4240766001799, 918.6121459406316, 766.6891530909637, 779.075691755058, 818.3777589773628, 783.0274862559108, 709.5108744146341, 887.0091024683959, 1112.9660302385773, 1029.7252956945192, 758.796475402165, 852.8469550542608, 956.237135159724, 1086.1667471765534, 928.4923100669181, 884.3567484596879, 1062.9836630978657, 809.1414639430648, 699.7690511347417, 526.2370135364733, 863.0913535897577, 779.0516115522033, 1001.2889129495223, 884.0382690559417, 887.2759670897913, 903.6758426160252, 1088.6325906459656, 845.7491334781415, 559.3865682248841, 805.4726817685546, 1086.3265387550252, 1021.4219410938805, 769.9213501559468, 807.769625152093, 783.3590826876961, 756.3799475048983, 734.0729815298039, 465.5290191043473, 892.9161690011476, 765.8261906274915, 771.4319707287008, 787.0571272028138, 711.2128830613846, 1411.2873655852918, 1254.2669819517703, 1032.8862899104683, 1026.6422632756062, 738.0500296575345, 636.3415678365365, 461.95592198897737, 625.8063601462899, 894.382683871068, 663.2167382391507, 521.7364517549217, 636.9716504894133, 806.6051433996151, 666.9595064585199, 602.4994091316844, 815.506531977383, 748.1832633871278, 741.6511936750071, 943.9904911212178]
All f2: [0.0, 0.0, 10.0, 0.0, 110.0, 0.0, 0.0, 10.0, 10.0, 0.0, 0.0, 10.0, 20.0, 130.0, 10.0, 0.0, 0.0, 10.0, 0.0, 0.0, 120.0, 20.0, 0.0, 10.0, 0.0, 110.0, 10.0, 10.0, 0.0, 20.0, 0.0, 20.0, 0.0, 10.0, 20.0, 0.0, 10.0, 110.0, 0.0, 10.0, 0.0, 10.0, 10.0, 0.0, 40.0, 0.0, 10.0, 20.0, 0.0, 10.0, 20.0, 10.0, 0.0, 0.0, 0.0, 20.0, 10.0, 0.0, 0.0, 0.0, 0.0, 10.0, 10.0, 0.0]
All execution times: [5.980966329574585, 5.973299026489258, 5.801700592041016, 5.770428895950317, 5.983391761779785, 5.831372976303101, 5.904314279556274, 5.784707069396973, 5.817912817001343, 5.800460577011108, 5.888445138931274, 5.886561632156372, 5.864841938018799, 5.966613531112671, 5.880309581756592, 5.8871471881866455, 5.769896507263184, 5.789740800857544, 5.833620548248291, 5.847763538360596, 5.943432092666626, 5.769334554672241, 5.801697492599487, 5.738878488540649, 5.947514533996582, 5.9607648849487305, 5.817793607711792, 5.847923755645752, 5.8415467739105225, 5.738264560699463]
All pareto fronts: [array([[1203.84415692,    0.        ]]), array([[828.6804352,   0.       ]]), array([[826.4240766 ,  10.        ],
       [918.61214594,   0.        ]]), array([[766.68915309, 110.        ],
       [779.07569176,   0.        ]]), array([[818.37775898,   0.        ],
       [783.02748626,  10.        ]]), array([[709.51087441,  10.        ],
       [887.00910247,   0.        ]]), array([[1112.96603024,    0.        ],
       [1029.72529569,   10.        ],
       [ 758.7964754 ,   20.        ]]), array([[ 852.84695505,  130.        ],
       [ 956.23713516,   10.        ],
       [1086.16674718,    0.        ]]), array([[928.49231007,   0.        ],
       [884.35674846,  10.        ]]), array([[1062.9836631,    0.       ]]), array([[809.14146394,   0.        ],
       [699.76905113, 120.        ]]), array([[526.23701354,  20.        ],
       [863.09135359,   0.        ],
       [779.05161155,  10.        ]]), array([[1001.28891295,    0.        ],
       [ 884.03826906,  110.        ],
       [ 887.27596709,   10.        ]]), array([[ 903.67584262,   10.        ],
       [1088.63259065,    0.        ],
       [ 845.74913348,   20.        ]]), array([[559.38656822,   0.        ]]), array([[ 805.47268177,   20.        ],
       [1086.32653876,    0.        ],
       [1021.42194109,   10.        ]]), array([[769.92135016,  20.        ],
       [807.76962515,   0.        ],
       [783.35908269,  10.        ],
       [756.3799475 , 110.        ]]), array([[734.07298153,   0.        ],
       [465.5290191 ,  10.        ]]), array([[892.916169  ,   0.        ],
       [765.82619063,  10.        ]]), array([[771.43197073,  10.        ],
       [787.0571272 ,   0.        ],
       [711.21288306,  40.        ]]), array([[1411.28736559,    0.        ],
       [1254.26698195,   10.        ],
       [1032.88628991,   20.        ]]), array([[1026.64226328,    0.        ],
       [ 738.05002966,   10.        ],
       [ 636.34156784,   20.        ]]), array([[461.95592199,  10.        ],
       [625.80636015,   0.        ]]), array([[894.38268387,   0.        ]]), array([[663.21673824,   0.        ],
       [521.73645175,  20.        ],
       [636.97165049,  10.        ]]), array([[806.6051434,   0.       ]]), array([[666.95950646,   0.        ]]), array([[602.49940913,   0.        ]]), array([[815.50653198,   0.        ],
       [748.18326339,  10.        ]]), array([[741.65119368,  10.        ],
       [943.99049112,   0.        ]])]