NSGA-II - Instance 2 - AE 13 - Row Crossover            
f1 objective:
    Median: 779.850062548693
    Max: 1170.9895513749916
    Min: 430.4069594256452
    Std. Dev.: 172.7408251801111
                    
f2 objective:
    Median: 10.0
    Max: 140.0
    Min: 0.0
    Std. Dev.: 32.793936141590095

Execution times:
    Median: 6.749357223510742
    Max: 6.95691990852356
    Min: 6.609217643737793
    Std. Dev.: 0.08670518683510649            
    
Algorithm data:
    Algorithm: NSGA-II
    Executions: 30
    Population size: 100
    Offspring population size: 2
    Mutation probability: 0.1
    Crossover probability: 0.5
    Crossover type: Row Crossover
    Probability of parent: 0.25
    Number of evaluations: 1000
    Execution time: 6.667068004608154
                    
Problem data:
    Number of days: 7
    Number of meals: 4
    Max portions: 4
                    
Model objective:
    Calories: 1704.0
    Protein: 128.0
    Carbs: 170.0
    Fat: 57.0
                    
Model Hiperparameters:
    Alpha: 1.0
    Beta: 1.0
    Gamma: 0.75
    Delta: 100.0
    Sigma: 10.0
                    
All f1: [735.605551654762, 777.2180706266935, 780.4503984513542, 739.0381912031918, 910.7983117062025, 1033.0050749685101, 1054.2535277389027, 753.4895526965604, 840.7068550077203, 1089.1359315252437, 855.3394488652066, 779.2497266460318, 731.7399834020997, 837.1382492765517, 813.8689057695059, 925.8020211405939, 673.1709794165179, 549.1260587230042, 880.9635234703694, 611.0403489016695, 569.6811196127699, 1013.866598705895, 947.6328742987896, 815.6981746202051, 651.7878316920501, 833.802423497205, 724.3619720557858, 887.3189397372997, 731.1052157691727, 588.9139237690288, 526.9371746418898, 634.3622321664822, 774.3097257085652, 859.9751987171153, 714.3938694778911, 599.147827068345, 567.1021474435327, 705.6693609186299, 603.0151684342518, 818.6879686181583, 1118.762096556492, 1134.9129227403507, 1041.092268112348, 1143.6939514760654, 925.0188863645909, 632.5062331531656, 852.1326815387667, 695.6670289302483, 784.1199024860799, 651.6656376904994, 788.1911393965511, 650.8148747736651, 678.1215894594354, 686.941826580793, 1170.9895513749916, 970.6817807817962, 543.7334649698214, 430.4069594256452, 959.5715512259809, 902.0057738282376, 1092.802146086561, 746.8425253452838]
All f2: [20.0, 0.0, 0.0, 10.0, 20.0, 10.0, 0.0, 30.0, 0.0, 0.0, 10.0, 10.0, 120.0, 0.0, 10.0, 0.0, 20.0, 0.0, 0.0, 0.0, 20.0, 0.0, 20.0, 0.0, 10.0, 0.0, 10.0, 0.0, 10.0, 0.0, 20.0, 10.0, 0.0, 0.0, 0.0, 10.0, 140.0, 10.0, 20.0, 0.0, 30.0, 20.0, 50.0, 0.0, 0.0, 30.0, 10.0, 120.0, 0.0, 0.0, 0.0, 110.0, 10.0, 0.0, 0.0, 10.0, 0.0, 0.0, 10.0, 120.0, 0.0, 0.0]
All execution times: [6.870754957199097, 6.872542142868042, 6.7554240226745605, 6.848209619522095, 6.734814167022705, 6.714378118515015, 6.693415880203247, 6.801983118057251, 6.69697642326355, 6.938105821609497, 6.6846764087677, 6.7024431228637695, 6.786447525024414, 6.792020082473755, 6.797976970672607, 6.749520540237427, 6.705122470855713, 6.755250930786133, 6.804149150848389, 6.749193906784058, 6.624911308288574, 6.6332268714904785, 6.95691990852356, 6.656194448471069, 6.839609861373901, 6.666698932647705, 6.790935516357422, 6.609217643737793, 6.73811149597168, 6.667068004608154]
All pareto fronts: [array([[735.60555165,  20.        ],
       [777.21807063,   0.        ]]), array([[780.45039845,   0.        ],
       [739.0381912 ,  10.        ]]), array([[ 910.79831171,   20.        ],
       [1033.00507497,   10.        ],
       [1054.25352774,    0.        ],
       [ 753.4895527 ,   30.        ]]), array([[840.70685501,   0.        ]]), array([[1089.13593153,    0.        ],
       [ 855.33944887,   10.        ]]), array([[779.24972665,  10.        ],
       [731.7399834 , 120.        ],
       [837.13824928,   0.        ]]), array([[813.86890577,  10.        ],
       [925.80202114,   0.        ],
       [673.17097942,  20.        ]]), array([[549.12605872,   0.        ]]), array([[880.96352347,   0.        ]]), array([[611.0403489 ,   0.        ],
       [569.68111961,  20.        ]]), array([[1013.86659871,    0.        ],
       [ 947.6328743 ,   20.        ]]), array([[815.69817462,   0.        ],
       [651.78783169,  10.        ]]), array([[833.8024235 ,   0.        ],
       [724.36197206,  10.        ]]), array([[887.31893974,   0.        ],
       [731.10521577,  10.        ]]), array([[588.91392377,   0.        ],
       [526.93717464,  20.        ]]), array([[634.36223217,  10.        ],
       [774.30972571,   0.        ]]), array([[859.97519872,   0.        ]]), array([[714.39386948,   0.        ],
       [599.14782707,  10.        ],
       [567.10214744, 140.        ]]), array([[705.66936092,  10.        ],
       [603.01516843,  20.        ],
       [818.68796862,   0.        ]]), array([[1118.76209656,   30.        ],
       [1134.91292274,   20.        ],
       [1041.09226811,   50.        ],
       [1143.69395148,    0.        ]]), array([[925.01888636,   0.        ],
       [632.50623315,  30.        ],
       [852.13268154,  10.        ]]), array([[695.66702893, 120.        ],
       [784.11990249,   0.        ]]), array([[651.66563769,   0.        ]]), array([[788.1911394 ,   0.        ],
       [650.81487477, 110.        ]]), array([[678.12158946,  10.        ],
       [686.94182658,   0.        ]]), array([[1170.98955137,    0.        ],
       [ 970.68178078,   10.        ]]), array([[543.73346497,   0.        ]]), array([[430.40695943,   0.        ]]), array([[ 959.57155123,   10.        ],
       [ 902.00577383,  120.        ],
       [1092.80214609,    0.        ]]), array([[746.84252535,   0.        ]])]