NSGA-II - Instance 2 - AE 16 - Row Crossover            
f1 objective:
    Median: 828.9462433723587
    Max: 1270.0249604063818
    Min: 379.9154974946005
    Std. Dev.: 194.93339729003245
                    
f2 objective:
    Median: 10.0
    Max: 130.0
    Min: 0.0
    Std. Dev.: 22.952485900149025

Execution times:
    Median: 7.547747492790222
    Max: 8.202115297317505
    Min: 7.170912981033325
    Std. Dev.: 0.26151912638815533            
    
Algorithm data:
    Algorithm: NSGA-II
    Executions: 30
    Population size: 100
    Offspring population size: 2
    Mutation probability: 0.1
    Crossover probability: 0.8
    Crossover type: Row Crossover
    Probability of parent: 0.25
    Number of evaluations: 1000
    Execution time: 7.201811790466309
                    
Problem data:
    Number of days: 7
    Number of meals: 4
    Max portions: 4
                    
Model objective:
    Calories: 1704.0
    Protein: 128.0
    Carbs: 170.0
    Fat: 57.0
                    
Model Hiperparameters:
    Alpha: 1.0
    Beta: 1.0
    Gamma: 0.75
    Delta: 100.0
    Sigma: 10.0
                    
All f1: [719.2344061767214, 1039.8271304606988, 570.3530095127943, 741.0538305037102, 684.3443318165165, 582.9471255277077, 877.619298565856, 786.6109074424429, 1002.622201454084, 840.3660149859301, 1024.985185674178, 379.9154974946005, 837.9734489601884, 787.5774781008168, 1198.630002188652, 810.6745307133159, 1261.5550009036099, 689.2520132379618, 452.9447002835239, 967.5641396745759, 927.498054175283, 755.7661213912646, 854.7322630133696, 803.5704109491912, 834.6383565619216, 1213.2476506809176, 1217.1502329988912, 860.8403341756097, 697.9464347306891, 633.5823258118951, 802.0659928085088, 913.2100304396156, 775.2162055782376, 799.3831210875899, 688.2382726747712, 724.9230624192883, 916.7597990471238, 479.01097620380125, 698.9386430377352, 741.9816344850758, 709.3376796915786, 915.8916738417105, 791.1223188308576, 973.6840346328548, 723.6363708994376, 1089.5155998039859, 1160.879475266192, 1204.2726301860394, 1263.9548639405668, 707.9407053867006, 1123.4903891753042, 768.560736135788, 868.3841250174182, 902.422729386452, 1012.4386995426455, 793.4552664229847, 794.2461720196591, 985.4813264744009, 798.4296143554606, 767.564120481943, 834.5779352632514, 1270.0249604063818, 952.2524723436417, 1130.9845663136743, 647.632701579718, 838.34463244021, 905.6748528454532, 823.314551481466]
All f2: [0.0, 0.0, 130.0, 20.0, 0.0, 10.0, 0.0, 10.0, 10.0, 20.0, 0.0, 10.0, 0.0, 0.0, 10.0, 20.0, 0.0, 0.0, 20.0, 0.0, 0.0, 20.0, 0.0, 10.0, 10.0, 0.0, 0.0, 10.0, 0.0, 30.0, 10.0, 0.0, 20.0, 0.0, 10.0, 10.0, 0.0, 20.0, 10.0, 0.0, 20.0, 0.0, 10.0, 10.0, 20.0, 0.0, 130.0, 10.0, 0.0, 20.0, 0.0, 10.0, 10.0, 0.0, 0.0, 10.0, 40.0, 0.0, 30.0, 50.0, 20.0, 0.0, 10.0, 0.0, 10.0, 0.0, 0.0, 10.0]
All execution times: [7.511325120925903, 7.709668874740601, 7.858120918273926, 7.274420976638794, 7.444969892501831, 7.53997015953064, 8.159648656845093, 8.008628845214844, 8.202115297317505, 7.704454183578491, 7.655513048171997, 7.47727370262146, 7.418432235717773, 7.281944751739502, 7.638094663619995, 7.405637264251709, 7.246933221817017, 7.735557317733765, 7.676685094833374, 7.27644157409668, 7.320659637451172, 7.828181743621826, 7.661282062530518, 7.559522390365601, 7.320905923843384, 7.517405271530151, 7.555524826049805, 7.170912981033325, 7.637331008911133, 7.201811790466309]
All pareto fronts: [array([[719.23440618,   0.        ]]), array([[1039.82713046,    0.        ],
       [ 570.35300951,  130.        ],
       [ 741.0538305 ,   20.        ]]), array([[684.34433182,   0.        ],
       [582.94712553,  10.        ]]), array([[877.61929857,   0.        ],
       [786.61090744,  10.        ]]), array([[1002.62220145,   10.        ],
       [ 840.36601499,   20.        ],
       [1024.98518567,    0.        ]]), array([[379.91549749,  10.        ],
       [837.97344896,   0.        ]]), array([[787.5774781,   0.       ]]), array([[1198.63000219,   10.        ],
       [ 810.67453071,   20.        ],
       [1261.5550009 ,    0.        ]]), array([[689.25201324,   0.        ],
       [452.94470028,  20.        ]]), array([[967.56413967,   0.        ]]), array([[927.49805418,   0.        ]]), array([[755.76612139,  20.        ],
       [854.73226301,   0.        ],
       [803.57041095,  10.        ]]), array([[ 834.63835656,   10.        ],
       [1213.24765068,    0.        ]]), array([[1217.150233  ,    0.        ],
       [ 860.84033418,   10.        ]]), array([[697.94643473,   0.        ]]), array([[633.58232581,  30.        ],
       [802.06599281,  10.        ],
       [913.21003044,   0.        ],
       [775.21620558,  20.        ]]), array([[799.38312109,   0.        ],
       [688.23827267,  10.        ]]), array([[724.92306242,  10.        ],
       [916.75979905,   0.        ],
       [479.0109762 ,  20.        ]]), array([[698.93864304,  10.        ],
       [741.98163449,   0.        ]]), array([[709.33767969,  20.        ],
       [915.89167384,   0.        ],
       [791.12231883,  10.        ]]), array([[ 973.68403463,   10.        ],
       [ 723.6363709 ,   20.        ],
       [1089.5155998 ,    0.        ]]), array([[1160.87947527,  130.        ],
       [1204.27263019,   10.        ],
       [1263.95486394,    0.        ]]), array([[ 707.94070539,   20.        ],
       [1123.49038918,    0.        ],
       [ 768.56073614,   10.        ]]), array([[868.38412502,  10.        ],
       [902.42272939,   0.        ]]), array([[1012.43869954,    0.        ],
       [ 793.45526642,   10.        ]]), array([[794.24617202,  40.        ],
       [985.48132647,   0.        ],
       [798.42961436,  30.        ],
       [767.56412048,  50.        ],
       [834.57793526,  20.        ]]), array([[1270.02496041,    0.        ],
       [ 952.25247234,   10.        ]]), array([[1130.98456631,    0.        ],
       [ 647.63270158,   10.        ]]), array([[838.34463244,   0.        ]]), array([[905.67485285,   0.        ],
       [823.31455148,  10.        ]])]