NSGA-II - Instance 2 - AE 10 - Row Crossover            
f1 objective:
    Median: 846.6836421227313
    Max: 1370.8047796814571
    Min: 493.92199413406473
    Std. Dev.: 191.12668735876068
                    
f2 objective:
    Median: 0.0
    Max: 120.0
    Min: 0.0
    Std. Dev.: 25.54944685690627

Execution times:
    Median: 6.438871741294861
    Max: 7.490159511566162
    Min: 5.919865608215332
    Std. Dev.: 0.4925849411590485            
    
Algorithm data:
    Algorithm: NSGA-II
    Executions: 30
    Population size: 100
    Offspring population size: 2
    Mutation probability: 0.1
    Crossover probability: 0.3
    Crossover type: Row Crossover
    Probability of parent: 0.25
    Number of evaluations: 1000
    Execution time: 7.490159511566162
                    
Problem data:
    Number of days: 7
    Number of meals: 4
    Max portions: 4
                    
Model objective:
    Calories: 1704.0
    Protein: 128.0
    Carbs: 170.0
    Fat: 57.0
                    
Model Hiperparameters:
    Alpha: 1.0
    Beta: 1.0
    Gamma: 0.75
    Delta: 100.0
    Sigma: 10.0
                    
All f1: [941.0668400463512, 828.0594472759162, 763.2060231736353, 877.8714864085816, 651.3060248851925, 764.6359439284444, 1080.6162243343742, 541.7458186800063, 1020.21890845464, 935.9357751711174, 1059.3004212698993, 930.6592189724528, 1041.4096099690964, 840.4203361713422, 967.2038802242428, 917.7938430577713, 820.8341863126515, 733.3523054280399, 974.622485306203, 1041.1288778877108, 775.4831866110433, 914.8025503981756, 1136.2245036350496, 791.9381749884245, 657.6051058114978, 850.7557801004215, 1156.9920983663758, 898.2156439954498, 648.0322544783614, 1122.159870493433, 955.9769309707186, 1081.6628886249332, 1370.8047796814571, 842.6115041450411, 883.9207678502122, 864.0700434385965, 804.926701659847, 559.3779752055968, 749.1232797815308, 777.1553730661394, 696.2743499749722, 1050.4819140665675, 704.7601524162017, 606.6598637589425, 639.3729030502111, 904.8902987512527, 839.0370003887991, 610.3740755435496, 690.3951914435738, 580.7604217253371, 655.5606750637671, 493.92199413406473, 1023.3918056415674, 825.1183161231094, 1147.6339294792856, 1320.9974241883258]
All f2: [0.0, 10.0, 10.0, 0.0, 20.0, 10.0, 0.0, 20.0, 0.0, 10.0, 0.0, 10.0, 0.0, 10.0, 0.0, 0.0, 20.0, 0.0, 10.0, 0.0, 40.0, 10.0, 0.0, 0.0, 10.0, 0.0, 0.0, 10.0, 0.0, 10.0, 120.0, 110.0, 0.0, 0.0, 0.0, 110.0, 0.0, 0.0, 10.0, 0.0, 10.0, 0.0, 0.0, 0.0, 0.0, 0.0, 10.0, 10.0, 0.0, 10.0, 0.0, 30.0, 0.0, 10.0, 10.0, 0.0]
All execution times: [6.684969902038574, 6.046266317367554, 5.919865608215332, 5.933977127075195, 6.019965887069702, 5.936135292053223, 5.982461452484131, 6.528505802154541, 6.24005913734436, 6.312632322311401, 6.3237879276275635, 6.18012547492981, 6.342602252960205, 7.435086965560913, 6.804125547409058, 7.048298120498657, 7.38636040687561, 6.729079723358154, 6.433653831481934, 6.263619422912598, 6.307950019836426, 6.239044904708862, 6.459633827209473, 6.444089651107788, 6.6122331619262695, 6.965650320053101, 7.2910730838775635, 7.401365041732788, 7.214802503585815, 7.490159511566162]
All pareto fronts: [array([[941.06684005,   0.        ],
       [828.05944728,  10.        ]]), array([[763.20602317,  10.        ],
       [877.87148641,   0.        ],
       [651.30602489,  20.        ]]), array([[ 764.63594393,   10.        ],
       [1080.61622433,    0.        ],
       [ 541.74581868,   20.        ]]), array([[1020.21890845,    0.        ],
       [ 935.93577517,   10.        ]]), array([[1059.30042127,    0.        ],
       [ 930.65921897,   10.        ]]), array([[1041.40960997,    0.        ],
       [ 840.42033617,   10.        ]]), array([[967.20388022,   0.        ]]), array([[917.79384306,   0.        ],
       [820.83418631,  20.        ]]), array([[733.35230543,   0.        ]]), array([[ 974.62248531,   10.        ],
       [1041.12887789,    0.        ],
       [ 775.48318661,   40.        ]]), array([[ 914.8025504 ,   10.        ],
       [1136.22450364,    0.        ]]), array([[791.93817499,   0.        ],
       [657.60510581,  10.        ]]), array([[850.7557801,   0.       ]]), array([[1156.99209837,    0.        ],
       [ 898.215644  ,   10.        ]]), array([[648.03225448,   0.        ]]), array([[1122.15987049,   10.        ],
       [ 955.97693097,  120.        ],
       [1081.66288862,  110.        ],
       [1370.80477968,    0.        ]]), array([[842.61150415,   0.        ]]), array([[883.92076785,   0.        ],
       [864.07004344, 110.        ]]), array([[804.92670166,   0.        ]]), array([[559.37797521,   0.        ]]), array([[749.12327978,  10.        ],
       [777.15537307,   0.        ]]), array([[ 696.27434997,   10.        ],
       [1050.48191407,    0.        ]]), array([[704.76015242,   0.        ]]), array([[606.65986376,   0.        ]]), array([[639.37290305,   0.        ]]), array([[904.89029875,   0.        ],
       [839.03700039,  10.        ]]), array([[610.37407554,  10.        ],
       [690.39519144,   0.        ]]), array([[580.76042173,  10.        ],
       [655.56067506,   0.        ],
       [493.92199413,  30.        ]]), array([[1023.39180564,    0.        ],
       [ 825.11831612,   10.        ]]), array([[1147.63392948,   10.        ],
       [1320.99742419,    0.        ]])]