NSGA-II - Instance 2 - AE 1 - Column Crossover            
f1 objective:
    Median: 769.6197226329346
    Max: 1170.3659524963532
    Min: 447.7076442737715
    Std. Dev.: 182.01929697981325
                    
f2 objective:
    Median: 5.0
    Max: 120.0
    Min: 0.0
    Std. Dev.: 26.03203155089258

Execution times:
    Median: 5.593641400337219
    Max: 5.8645102977752686
    Min: 5.473074913024902
    Std. Dev.: 0.09096947331394065            
    
Algorithm data:
    Algorithm: NSGA-II
    Executions: 30
    Population size: 100
    Offspring population size: 2
    Mutation probability: 0.1
    Crossover probability: 0.3
    Crossover type: Column Crossover
    Probability of parent: 0.25
    Number of evaluations: 1000
    Execution time: 5.728763818740845
                    
Problem data:
    Number of days: 7
    Number of meals: 4
    Max portions: 4
                    
Model objective:
    Calories: 1704.0
    Protein: 128.0
    Carbs: 170.0
    Fat: 57.0
                    
Model Hiperparameters:
    Alpha: 1.0
    Beta: 1.0
    Gamma: 0.75
    Delta: 100.0
    Sigma: 10.0
                    
All f1: [896.8509216061093, 982.6730244887384, 547.1147359611141, 620.1212796126032, 619.389688583051, 514.4204595954685, 523.3822572308933, 711.8810454564256, 906.6397945825526, 711.013501940651, 923.2328538314764, 745.1843340370848, 576.0277488189794, 447.7076442737715, 655.9789746289015, 1170.3659524963532, 986.2175564357462, 853.8304815713312, 885.576410765645, 608.3877174367714, 756.6329124030524, 714.8161553350348, 965.9747026720106, 984.6238745205352, 1025.1491265617854, 838.0689864408318, 1095.1891975032552, 1029.3822540666215, 674.5410252983601, 816.204686038124, 928.958521236669, 895.0472480627654, 689.4959164772172, 713.8198013651592, 649.5661847671792, 562.7169340630287, 871.6946460139042, 681.227918969591, 749.8690770672586, 592.9442707132648, 1127.591669249651, 803.421963076342, 922.920678466841, 757.6757632156321, 618.3983190161829, 895.0933308452977, 730.6935368881183, 653.8185181912315, 525.3578471740213, 733.4434805490084, 528.540295375032, 709.4400928366877, 997.7037331708704, 1165.7724202208767, 1057.418233521053, 947.3620702871189, 839.4921083501969, 1118.376398863725, 781.5636820502369, 915.2276991410873]
All f2: [10.0, 0.0, 10.0, 0.0, 0.0, 10.0, 0.0, 0.0, 0.0, 10.0, 0.0, 0.0, 10.0, 10.0, 0.0, 0.0, 10.0, 40.0, 30.0, 50.0, 0.0, 10.0, 110.0, 10.0, 0.0, 120.0, 0.0, 30.0, 10.0, 0.0, 0.0, 0.0, 10.0, 0.0, 0.0, 10.0, 0.0, 10.0, 0.0, 20.0, 0.0, 10.0, 0.0, 10.0, 0.0, 0.0, 10.0, 0.0, 20.0, 0.0, 10.0, 0.0, 20.0, 0.0, 10.0, 30.0, 0.0, 0.0, 120.0, 10.0]
All execution times: [5.580559015274048, 5.53196382522583, 5.473074913024902, 5.489838123321533, 5.532427072525024, 5.488321304321289, 5.5347795486450195, 5.677672624588013, 5.588397979736328, 5.57611346244812, 5.721164703369141, 5.5672407150268555, 5.5650475025177, 5.566395282745361, 5.565903186798096, 5.5505530834198, 5.598395109176636, 5.597550868988037, 5.589731931686401, 5.730550289154053, 5.612860441207886, 5.8645102977752686, 5.629624843597412, 5.628804683685303, 5.770186901092529, 5.629306077957153, 5.756901025772095, 5.658777713775635, 5.701855182647705, 5.728763818740845]
All pareto fronts: [array([[896.85092161,  10.        ],
       [982.67302449,   0.        ]]), array([[547.11473596,  10.        ],
       [620.12127961,   0.        ]]), array([[619.38968858,   0.        ],
       [514.4204596 ,  10.        ]]), array([[523.38225723,   0.        ]]), array([[711.88104546,   0.        ]]), array([[906.63979458,   0.        ],
       [711.01350194,  10.        ]]), array([[923.23285383,   0.        ]]), array([[745.18433404,   0.        ],
       [576.02774882,  10.        ]]), array([[447.70764427,  10.        ],
       [655.97897463,   0.        ]]), array([[1170.3659525 ,    0.        ],
       [ 986.21755644,   10.        ],
       [ 853.83048157,   40.        ],
       [ 885.57641077,   30.        ]]), array([[608.38771744,  50.        ],
       [756.6329124 ,   0.        ],
       [714.81615534,  10.        ]]), array([[ 965.97470267,  110.        ],
       [ 984.62387452,   10.        ],
       [1025.14912656,    0.        ],
       [ 838.06898644,  120.        ]]), array([[1095.1891975 ,    0.        ],
       [1029.38225407,   30.        ]]), array([[674.5410253 ,  10.        ],
       [816.20468604,   0.        ]]), array([[928.95852124,   0.        ]]), array([[895.04724806,   0.        ],
       [689.49591648,  10.        ]]), array([[713.81980137,   0.        ]]), array([[649.56618477,   0.        ],
       [562.71693406,  10.        ]]), array([[871.69464601,   0.        ]]), array([[681.22791897,  10.        ],
       [749.86907707,   0.        ],
       [592.94427071,  20.        ]]), array([[1127.59166925,    0.        ],
       [ 803.42196308,   10.        ]]), array([[922.92067847,   0.        ],
       [757.67576322,  10.        ]]), array([[618.39831902,   0.        ]]), array([[895.09333085,   0.        ],
       [730.69353689,  10.        ]]), array([[653.81851819,   0.        ],
       [525.35784717,  20.        ]]), array([[733.44348055,   0.        ]]), array([[528.54029538,  10.        ],
       [709.44009284,   0.        ]]), array([[ 997.70373317,   20.        ],
       [1165.77242022,    0.        ],
       [1057.41823352,   10.        ],
       [ 947.36207029,   30.        ]]), array([[839.49210835,   0.        ]]), array([[1118.37639886,    0.        ],
       [ 781.56368205,  120.        ],
       [ 915.22769914,   10.        ]])]