NSGA-II - Instance 2 - AE 4 - Column Crossover            
f1 objective:
    Median: 881.1950158741599
    Max: 1444.5090097469006
    Min: 632.7193621615289
    Std. Dev.: 164.25041837709793
                    
f2 objective:
    Median: 10.0
    Max: 140.0
    Min: 0.0
    Std. Dev.: 30.306752191468185

Execution times:
    Median: 5.838360786437988
    Max: 6.057947874069214
    Min: 5.676267623901367
    Std. Dev.: 0.10140754224236628            
    
Algorithm data:
    Algorithm: NSGA-II
    Executions: 30
    Population size: 100
    Offspring population size: 2
    Mutation probability: 0.1
    Crossover probability: 0.5
    Crossover type: Column Crossover
    Probability of parent: 0.25
    Number of evaluations: 1000
    Execution time: 5.8163628578186035
                    
Problem data:
    Number of days: 7
    Number of meals: 4
    Max portions: 4
                    
Model objective:
    Calories: 1704.0
    Protein: 128.0
    Carbs: 170.0
    Fat: 57.0
                    
Model Hiperparameters:
    Alpha: 1.0
    Beta: 1.0
    Gamma: 0.75
    Delta: 100.0
    Sigma: 10.0
                    
All f1: [897.2092741282834, 1253.7083531310843, 965.9871372686396, 732.9967351235982, 783.5600678935283, 632.7193621615289, 824.6283509823927, 641.4406048374531, 698.4689584080393, 916.2155426559764, 939.6056578254702, 916.7447785166747, 762.2445196742112, 861.7097712954435, 874.4870884380244, 864.8522319693932, 781.0455490503374, 1415.5435555793374, 870.5412887610629, 792.7456803089656, 646.4241198770449, 881.0641603736664, 981.5126545768462, 641.6195284293108, 801.6625360102943, 819.792842213419, 936.99462763167, 881.3258713746534, 699.5579896198623, 694.1270014856271, 825.2117981370653, 734.5887718334039, 1067.9185588137086, 838.4959085291663, 918.5951969147969, 648.8038815081314, 933.2841367382944, 711.1773202584811, 952.5131492633658, 892.331690130016, 922.1275290467273, 1062.539587550998, 765.4926733907881, 787.685607176896, 1035.3280436347027, 1050.3664065481369, 924.561686955706, 701.5624316676582, 916.5454293705121, 956.7160102167846, 804.9280595036412, 991.7366722231005, 795.3256722528648, 682.7665386024039, 901.864612588628, 1159.5548635799762, 973.5780445513556, 959.7733343716036, 1144.4894937317847, 897.8041371231133, 705.9143214841314, 800.340382170714, 1168.7166729233395, 813.3735599208447, 1122.1675689935232, 1444.5090097469006, 994.4709368409441, 901.8828924178649, 1024.8230054258393, 798.8010271008516, 881.5566205749033, 774.8217426495214]
All f2: [120.0, 0.0, 10.0, 10.0, 0.0, 20.0, 0.0, 10.0, 0.0, 20.0, 0.0, 0.0, 10.0, 20.0, 0.0, 10.0, 30.0, 0.0, 10.0, 0.0, 20.0, 10.0, 0.0, 20.0, 120.0, 0.0, 0.0, 10.0, 0.0, 10.0, 0.0, 10.0, 0.0, 10.0, 0.0, 10.0, 0.0, 10.0, 0.0, 20.0, 10.0, 0.0, 140.0, 110.0, 20.0, 10.0, 0.0, 20.0, 10.0, 0.0, 20.0, 0.0, 0.0, 10.0, 10.0, 0.0, 10.0, 20.0, 0.0, 0.0, 20.0, 40.0, 0.0, 10.0, 10.0, 0.0, 10.0, 20.0, 0.0, 10.0, 0.0, 120.0]
All execution times: [6.057947874069214, 6.034677028656006, 5.892428398132324, 5.834105730056763, 5.723668575286865, 5.793865919113159, 5.793954610824585, 5.784174203872681, 5.724200010299683, 5.849200963973999, 5.760918378829956, 5.77862548828125, 5.957472085952759, 5.911541700363159, 5.771657705307007, 5.883523941040039, 5.871874570846558, 5.918700933456421, 5.842615842819214, 5.948217153549194, 5.739408254623413, 6.021120548248291, 5.988719940185547, 5.982761383056641, 5.732483863830566, 5.768513202667236, 5.78597354888916, 5.676267623901367, 5.894393444061279, 5.8163628578186035]
All pareto fronts: [array([[ 897.20927413,  120.        ],
       [1253.70835313,    0.        ],
       [ 965.98713727,   10.        ]]), array([[732.99673512,  10.        ],
       [783.56006789,   0.        ],
       [632.71936216,  20.        ]]), array([[824.62835098,   0.        ]]), array([[641.44060484,  10.        ],
       [698.46895841,   0.        ]]), array([[916.21554266,  20.        ],
       [939.60565783,   0.        ]]), array([[916.74477852,   0.        ],
       [762.24451967,  10.        ]]), array([[861.7097713 ,  20.        ],
       [874.48708844,   0.        ],
       [864.85223197,  10.        ],
       [781.04554905,  30.        ]]), array([[1415.54355558,    0.        ],
       [ 870.54128876,   10.        ]]), array([[792.74568031,   0.        ],
       [646.42411988,  20.        ]]), array([[881.06416037,  10.        ],
       [981.51265458,   0.        ],
       [641.61952843,  20.        ]]), array([[801.66253601, 120.        ],
       [819.79284221,   0.        ]]), array([[936.99462763,   0.        ],
       [881.32587137,  10.        ]]), array([[699.55798962,   0.        ],
       [694.12700149,  10.        ]]), array([[825.21179814,   0.        ],
       [734.58877183,  10.        ]]), array([[1067.91855881,    0.        ],
       [ 838.49590853,   10.        ]]), array([[918.59519691,   0.        ],
       [648.80388151,  10.        ]]), array([[933.28413674,   0.        ],
       [711.17732026,  10.        ]]), array([[952.51314926,   0.        ],
       [892.33169013,  20.        ],
       [922.12752905,  10.        ]]), array([[1062.53958755,    0.        ],
       [ 765.49267339,  140.        ],
       [ 787.68560718,  110.        ],
       [1035.32804363,   20.        ],
       [1050.36640655,   10.        ]]), array([[924.56168696,   0.        ]]), array([[701.56243167,  20.        ],
       [916.54542937,  10.        ],
       [956.71601022,   0.        ]]), array([[804.9280595 ,  20.        ],
       [991.73667222,   0.        ]]), array([[795.32567225,   0.        ],
       [682.7665386 ,  10.        ]]), array([[ 901.86461259,   10.        ],
       [1159.55486358,    0.        ]]), array([[ 973.57804455,   10.        ],
       [ 959.77333437,   20.        ],
       [1144.48949373,    0.        ]]), array([[897.80413712,   0.        ],
       [705.91432148,  20.        ]]), array([[ 800.34038217,   40.        ],
       [1168.71667292,    0.        ],
       [ 813.37355992,   10.        ]]), array([[1122.16756899,   10.        ],
       [1444.50900975,    0.        ]]), array([[ 994.47093684,   10.        ],
       [ 901.88289242,   20.        ],
       [1024.82300543,    0.        ]]), array([[798.8010271 ,  10.        ],
       [881.55662057,   0.        ],
       [774.82174265, 120.        ]])]