NSGA-II - Instancia 2 - AE 2 - Column Crossover            
Fitness objective:
    Median: 1654.529337647954
    Max: 2244.06452452104
    Min: 1024.263266420024
    Std. Dev.: 215.44376606240206
                    
Variety objective:
    Median: 10.0
    Max: 250.0
    Min: 0.0
    Std. Dev.: 48.50523154482356

Execution times:
    Median: 6.713873863220215
    Max: 6.995396375656128
    Min: 6.487958669662476
    Std. Dev.: 0.12396776275853964
                    
Algorithm data:
    Algorithm: NSGA-II
    Executions: 30
    Population size: 100
    Offspring population size: 2
    Mutation probability: 0.3
    Crossover probability: 0.3
    Probability of parent: 0.25
    Number of evaluations: 1000
    Execution time: 6.690437316894531
                    
Problem data:
    Number of days: 7
    Number of meals: 4
    Max portions: 4
                    
Model objective:
    Calories: 1704.0
    Protein: 128.0
    Carbs: 170.0
    Fat: 57.0
                    
Model Hiperparameters:
    Alpha: 1.0
    Beta: 1.0
    Gamma: 0.75
    Delta: 100.0
    Sigma: 10.0
                    
All fitness: [1934.4814331123075, 1660.2159425424886, 1228.0830658295117, 1704.4167386892177, 1558.4674381474101, 1571.389000073985, 1511.6550457075955, 1667.6256856149837, 1677.4151364506442, 1380.1910331139263, 1882.5683357128632, 1539.0189903019177, 1728.0253404392497, 1754.807763277824, 1449.396368410031, 2025.0549055176589, 1971.1179837212758, 1665.2684326353187, 1818.4875084963578, 1476.4532479745424, 1647.7889485072023, 1508.3270550439133, 1668.5597491228639, 1785.658465431138, 1707.84764597219, 1623.0645010798314, 1740.4115680227544, 2118.351286694086, 1509.0498281577775, 1737.9117209167857, 1704.0852819031488, 1613.1263124225159, 1570.3319872148843, 1212.9048617144658, 1432.3419855251984, 1497.8758639096015, 2052.5089349848986, 1763.0882102254066, 1607.1194902432924, 1707.796181640727, 1767.327286066564, 2244.06452452104, 1735.9821627947283, 1487.5492741565668, 1641.1250599761483, 1386.3755166212763, 1267.8803192242217, 1860.9958602306353, 1378.727881058631, 1706.117537805662, 1218.8828716181881, 1734.7458121099837, 1517.9535467970425, 1535.2182795643762, 1769.6502066668206, 1709.744371296726, 1623.1840749251305, 1648.842732753419, 1680.838980507325, 1520.4599678696277, 1673.0916986661732, 1409.0315921813365, 1571.0301690666688, 1868.6754601963441, 1291.7194855764833, 1024.263266420024, 1757.8770089667462, 1430.8321689182285, 1707.3070414244849, 1533.585008646522, 1572.135690623548, 1545.918520533953, 1832.2270883875053, 2031.9375141668104]
All variety: [0.0, 10.0, 10.0, 0.0, 20.0, 10.0, 130.0, 0.0, 0.0, 10.0, 0.0, 20.0, 10.0, 10.0, 20.0, 0.0, 0.0, 120.0, 20.0, 20.0, 0.0, 20.0, 10.0, 0.0, 10.0, 120.0, 0.0, 0.0, 10.0, 0.0, 130.0, 0.0, 20.0, 0.0, 0.0, 140.0, 0.0, 10.0, 20.0, 30.0, 0.0, 0.0, 10.0, 10.0, 0.0, 120.0, 130.0, 0.0, 10.0, 0.0, 20.0, 10.0, 250.0, 30.0, 0.0, 0.0, 120.0, 10.0, 0.0, 30.0, 0.0, 20.0, 10.0, 0.0, 0.0, 120.0, 0.0, 120.0, 10.0, 30.0, 0.0, 10.0, 10.0, 0.0]
All execution times: [6.7676684856414795, 6.807937145233154, 6.618252754211426, 6.6257004737854, 6.719449281692505, 6.712455749511719, 6.715291976928711, 6.5703370571136475, 6.487958669662476, 6.551438331604004, 6.717978000640869, 6.542456865310669, 6.599589824676514, 6.734969854354858, 6.723209857940674, 6.808990478515625, 6.995396375656128, 6.946945428848267, 6.549041986465454, 6.614091873168945, 6.618426561355591, 6.728466033935547, 6.770967483520508, 6.761468887329102, 6.607727527618408, 6.70221734046936, 6.534180641174316, 6.736101388931274, 6.959331274032593, 6.690437316894531]