NSGA-II - Instancia 2 - AE 7 - Column Crossover            
Fitness objective:
    Median: 788.2288205849003
    Max: 1372.7664674983232
    Min: 456.4410341473073
    Std. Dev.: 201.04862944615405
                    
Variety objective:
    Median: 10.0
    Max: 130.0
    Min: 0.0
    Std. Dev.: 33.28059042248608

Execution times:
    Median: 6.7441956996917725
    Max: 7.55539345741272
    Min: 6.500486373901367
    Std. Dev.: 0.33187594261948805
                    
Algorithm data:
    Algorithm: NSGA-II
    Executions: 30
    Population size: 100
    Offspring population size: 2
    Mutation probability: 0.1
    Crossover probability: 0.8
    Probability of parent: 0.25
    Number of evaluations: 1000
    Execution time: 6.565388441085815
                    
Problem data:
    Number of days: 7
    Number of meals: 4
    Max portions: 4
                    
Model objective:
    Calories: 1704.0
    Protein: 128.0
    Carbs: 170.0
    Fat: 57.0
                    
Model Hiperparameters:
    Alpha: 1.0
    Beta: 1.0
    Gamma: 0.75
    Delta: 100.0
    Sigma: 10.0
                    
All fitness: [893.4925594904365, 874.9967852358876, 746.4187787554986, 1036.3116796436054, 997.2399655234894, 873.3924277259489, 847.4338558309474, 735.8308702103914, 752.7383647671592, 870.1254501706462, 732.6913112750491, 515.5528666567928, 758.5155233980091, 718.8041842665772, 572.7018323342076, 736.660832433808, 774.609677469102, 742.6547297152813, 678.0604805900114, 570.9037822298798, 1084.1149335084067, 1372.7664674983232, 1142.0938114087744, 897.5275911172021, 893.5546980558898, 728.5463165444482, 786.5865178520738, 903.8907499311543, 1065.8022280756768, 1051.5986928745142, 725.1428812389038, 804.6644914335799, 882.6176411795556, 1062.1591114229307, 1105.5272303403078, 1047.0613521788068, 736.8098362672057, 715.1890372109842, 846.0915153713069, 644.267088871328, 784.1104058706921, 626.0719201838295, 676.1622172562497, 621.0771777511552, 684.361418061982, 1073.8256751714418, 1147.223656233685, 763.05149693179, 567.325639806461, 456.4410341473073, 857.7561933227254, 1307.5533944658193, 852.9461393192589, 931.0187554906701, 472.71216064879314, 645.227931796769, 695.7257163777996, 1045.7336548814533, 849.4202185475792, 922.971760276106, 948.1013776417753, 1194.2142665064525, 1206.9776427564868, 991.3258576419328, 1053.6943800239726, 788.2288205849003, 647.3837561219827, 597.1438869267929, 551.6908402418659, 595.0738982654971, 577.5235757677495]
All variety: [0.0, 10.0, 0.0, 0.0, 10.0, 20.0, 0.0, 30.0, 10.0, 0.0, 10.0, 0.0, 0.0, 10.0, 20.0, 0.0, 0.0, 20.0, 0.0, 10.0, 120.0, 0.0, 10.0, 130.0, 0.0, 20.0, 10.0, 0.0, 0.0, 10.0, 0.0, 130.0, 10.0, 0.0, 0.0, 10.0, 20.0, 10.0, 0.0, 20.0, 0.0, 10.0, 20.0, 30.0, 10.0, 0.0, 0.0, 10.0, 0.0, 10.0, 30.0, 0.0, 120.0, 10.0, 10.0, 0.0, 130.0, 0.0, 30.0, 20.0, 10.0, 0.0, 0.0, 10.0, 0.0, 10.0, 0.0, 10.0, 110.0, 0.0, 20.0]
All execution times: [7.419494867324829, 7.228818655014038, 7.220870018005371, 7.218962907791138, 7.1855058670043945, 6.920088529586792, 6.8427512645721436, 6.627146244049072, 6.540574312210083, 6.550601959228516, 6.500838041305542, 6.619654655456543, 6.654238224029541, 6.892301321029663, 7.325719833374023, 7.39609432220459, 7.466977596282959, 6.891992568969727, 6.7434587478637695, 6.744932651519775, 7.55539345741272, 6.8889617919921875, 6.67284631729126, 6.576859474182129, 6.500486373901367, 6.69720983505249, 6.55741286277771, 6.573451519012451, 6.557490348815918, 6.565388441085815]