NSGA-II - Instancia 2 - AE 14 - Row Crossover            
Fitness objective:
    Median: 1582.941959555798
    Max: 2192.888083579178
    Min: 986.7328654415816
    Std. Dev.: 248.13379327656764
                    
Variety objective:
    Median: 10.0
    Max: 150.0
    Min: 0.0
    Std. Dev.: 41.332338288144925

Execution times:
    Median: 6.115633130073547
    Max: 7.115923166275024
    Min: 5.795332670211792
    Std. Dev.: 0.29319765625018823
                    
Algorithm data:
    Algorithm: NSGA-II
    Executions: 30
    Population size: 100
    Offspring population size: 2
    Mutation probability: 0.3
    Crossover probability: 0.5
    Probability of parent: 0.25
    Number of evaluations: 1000
    Execution time: 5.8334619998931885
                    
Problem data:
    Number of days: 7
    Number of meals: 4
    Max portions: 4
                    
Model objective:
    Calories: 1704.0
    Protein: 128.0
    Carbs: 170.0
    Fat: 57.0
                    
Model Hiperparameters:
    Alpha: 1.0
    Beta: 1.0
    Gamma: 0.75
    Delta: 100.0
    Sigma: 10.0
                    
All fitness: [1519.6421076595475, 1795.195732324228, 1747.3502519691328, 1801.7438001435346, 1388.1620604463747, 1428.7491295803354, 1527.5627620322496, 1735.2465031155352, 1437.5837447190656, 1763.3491833953058, 1680.6428436516585, 1547.5624579728285, 1546.530106233817, 2123.064601503985, 1005.5653778338016, 1285.1930431189658, 1553.1062647935714, 1798.9842939877306, 1268.4580916551217, 1304.4295233708797, 1735.704297218567, 2010.4916897044743, 1745.0368118283818, 1466.2226042300786, 1573.5556700735874, 2192.888083579178, 1406.0056999434944, 1630.2608255957211, 1509.2418101820333, 1516.9412375635643, 1561.0574538143837, 1469.3456720126214, 1450.4281221367535, 1549.5652606307817, 1827.4759138074674, 1296.6525636243416, 1258.7394710782767, 1908.3523961309122, 1882.7353322093352, 1547.7866375651397, 1360.7106044475686, 1373.174685067626, 1697.7253193804258, 1408.94530649212, 1395.4488232397896, 1890.1771397137547, 1722.5960745521747, 1194.6062268442286, 986.7328654415816, 1565.0083689911742, 1652.4869399217039, 1642.778954789375, 1402.1219948700088, 1675.087204034304, 1635.594956752941, 1692.9249821953163, 1864.383845125894, 1259.0635388004264, 1582.4516900898413, 1521.7869366680961, 1678.6486757984335, 1700.1212416338954, 1044.3678351008557, 1931.6721845981833, 2119.656045494355, 1692.935526003579, 1583.4322290217547, 1789.8083817739378, 2008.0946036811356, 1637.3669848523616, 1809.0642152184935, 1575.2868469430357, 1628.3414597796589, 1075.8267972560163, 1661.776124141166, 1677.6938488756552]
All variety: [0.0, 30.0, 130.0, 0.0, 110.0, 0.0, 0.0, 20.0, 30.0, 0.0, 10.0, 20.0, 30.0, 0.0, 40.0, 20.0, 0.0, 0.0, 140.0, 10.0, 20.0, 0.0, 10.0, 10.0, 0.0, 0.0, 50.0, 10.0, 20.0, 0.0, 0.0, 130.0, 30.0, 10.0, 0.0, 0.0, 10.0, 0.0, 10.0, 20.0, 30.0, 20.0, 0.0, 10.0, 110.0, 0.0, 20.0, 120.0, 10.0, 0.0, 0.0, 20.0, 150.0, 20.0, 140.0, 0.0, 0.0, 130.0, 10.0, 20.0, 0.0, 0.0, 20.0, 10.0, 0.0, 20.0, 10.0, 0.0, 0.0, 50.0, 10.0, 0.0, 0.0, 10.0, 110.0, 0.0]
All execution times: [6.66213321685791, 6.511159658432007, 6.815303802490234, 7.115923166275024, 6.295427560806274, 6.156118392944336, 6.2489752769470215, 6.244997978210449, 6.286051273345947, 6.1551642417907715, 5.980707883834839, 5.995303392410278, 6.040033340454102, 5.958746671676636, 6.119494438171387, 5.963160276412964, 6.2692694664001465, 5.959576606750488, 5.899350881576538, 5.929478168487549, 6.230024814605713, 5.9757890701293945, 5.851502895355225, 6.210320949554443, 5.795332670211792, 6.111771821975708, 6.131687879562378, 5.942959308624268, 5.919222831726074, 5.8334619998931885]