NSGA-II - Instancia 2 - AE 13 - Row Crossover            
Fitness objective:
    Median: 773.1936261299314
    Max: 1388.7755629844487
    Min: 507.6117810850397
    Std. Dev.: 185.97590750546047
                    
Variety objective:
    Median: 10.0
    Max: 120.0
    Min: 0.0
    Std. Dev.: 27.421318548485228

Execution times:
    Median: 6.635425925254822
    Max: 7.049767971038818
    Min: 6.314101934432983
    Std. Dev.: 0.1633334358334741
                    
Algorithm data:
    Algorithm: NSGA-II
    Executions: 30
    Population size: 100
    Offspring population size: 2
    Mutation probability: 0.1
    Crossover probability: 0.5
    Probability of parent: 0.25
    Number of evaluations: 1000
    Execution time: 6.614354610443115
                    
Problem data:
    Number of days: 7
    Number of meals: 4
    Max portions: 4
                    
Model objective:
    Calories: 1704.0
    Protein: 128.0
    Carbs: 170.0
    Fat: 57.0
                    
Model Hiperparameters:
    Alpha: 1.0
    Beta: 1.0
    Gamma: 0.75
    Delta: 100.0
    Sigma: 10.0
                    
All fitness: [1005.2446717243171, 918.2534266574448, 848.2336279876366, 657.9979675555667, 700.4236473242157, 667.141356822976, 507.6117810850397, 1182.1463985824078, 901.1494409247562, 682.2830679004808, 974.8615393938047, 540.229129497268, 1036.2993413309362, 675.502710339062, 735.3233051026671, 759.9900408826912, 989.8540118649458, 637.03233857517, 776.4084616220671, 741.8875621472323, 774.1601193407653, 751.6275633196026, 762.8032358433837, 832.9124337214221, 890.7687624547293, 1086.3848421732648, 772.2271329190976, 701.6658677658709, 750.9814821176371, 541.6702227016843, 875.8445221185461, 995.7042993325491, 879.3363328999314, 1040.9602379828489, 1025.3740248728382, 647.4543576507552, 520.5676565643059, 747.9958694996916, 925.5201272729995, 677.0833316246166, 769.9134471327269, 663.3068452410186, 717.8553871075242, 652.621706423407, 1087.7057297951876, 1008.8649714910156, 955.3307504830115, 1388.7755629844487, 1193.5844046238283, 1260.0488637119456, 656.4342914287845, 847.7457312014448, 564.3364218894858, 609.7088052789346, 713.6868732144336, 1064.9411616512286, 748.8975345026619, 966.8277761731126, 647.7004467930229, 712.4425067066702, 861.1912267499212, 886.7609013552081, 791.3354623693644, 831.3622085430825]
All variety: [0.0, 10.0, 110.0, 120.0, 0.0, 110.0, 0.0, 0.0, 10.0, 0.0, 0.0, 10.0, 0.0, 10.0, 20.0, 0.0, 0.0, 10.0, 0.0, 20.0, 0.0, 10.0, 0.0, 0.0, 10.0, 0.0, 20.0, 0.0, 0.0, 10.0, 20.0, 0.0, 10.0, 0.0, 10.0, 0.0, 10.0, 10.0, 0.0, 30.0, 0.0, 10.0, 0.0, 10.0, 0.0, 10.0, 120.0, 0.0, 30.0, 10.0, 30.0, 0.0, 20.0, 10.0, 0.0, 0.0, 20.0, 10.0, 10.0, 0.0, 20.0, 0.0, 10.0, 0.0]
All execution times: [6.673293828964233, 6.800300121307373, 6.730736255645752, 6.684972763061523, 7.049767971038818, 6.736897945404053, 6.648299217224121, 6.60651969909668, 6.641537189483643, 6.75897479057312, 6.953201532363892, 6.606891870498657, 6.629314661026001, 6.840161561965942, 6.765291452407837, 6.4165568351745605, 6.314101934432983, 6.491641998291016, 6.375816345214844, 6.50320291519165, 6.682608127593994, 6.620599031448364, 6.47747015953064, 6.530482053756714, 6.535311698913574, 6.436060667037964, 6.575466871261597, 6.679725408554077, 6.862288236618042, 6.614354610443115]