NSGA-II - Instancia 2 - AE 18 - Row Crossover            
Fitness objective:
    Median: 2000.0359399878828
    Max: 2494.0518804579715
    Min: 1416.5826328579194
    Std. Dev.: 277.23661782102914
                    
Variety objective:
    Median: 10.0
    Max: 140.0
    Min: 0.0
    Std. Dev.: 35.70740892271217

Execution times:
    Median: 5.847665429115295
    Max: 6.09084153175354
    Min: 5.685856580734253
    Std. Dev.: 0.10097372070342898
                    
Algorithm data:
    Algorithm: NSGA-II
    Executions: 30
    Population size: 100
    Offspring population size: 2
    Mutation probability: 0.5
    Crossover probability: 0.8
    Probability of parent: 0.25
    Number of evaluations: 1000
    Execution time: 5.790424108505249
                    
Problem data:
    Number of days: 7
    Number of meals: 4
    Max portions: 4
                    
Model objective:
    Calories: 1704.0
    Protein: 128.0
    Carbs: 170.0
    Fat: 57.0
                    
Model Hiperparameters:
    Alpha: 1.0
    Beta: 1.0
    Gamma: 0.75
    Delta: 100.0
    Sigma: 10.0
                    
All fitness: [2294.6905824275223, 1828.895453627952, 2000.0359399878828, 2422.7459226228907, 2150.2379858615955, 2331.2444189388257, 1955.9233341637407, 2391.909048326262, 2494.0518804579715, 2106.223647450511, 1508.9696843212214, 2234.9907721707577, 2010.0975471199285, 2010.9777162039766, 2014.24436721155, 2348.520429671376, 1825.8251583803024, 2150.431231586142, 1442.523728869553, 1645.7170207850818, 2111.2360708479873, 2110.7129510687355, 2341.7792737118466, 1805.9631621765186, 2489.98862399186, 2258.9917312367984, 1945.7125990713214, 2030.3241114663638, 1923.9022193996698, 2275.668787425063, 2049.015790240439, 1916.1556791531907, 2056.507014251388, 2279.1026831820204, 2175.895553958299, 2269.270762651746, 2324.6307904214655, 1995.3979878779105, 1942.1363769854074, 1857.3989589381306, 1416.5826328579194, 1988.7941680699175, 2035.8649112732148, 1934.1229803452204, 1599.2986774486155, 1697.762692501136, 2126.634007290263, 1930.91989088595, 1580.0780582640764, 1586.8888990802398, 2458.372170038343, 1950.070941162377, 1859.072803926469, 1921.5794316715271, 1819.2034566163913, 1641.5752183608581, 2454.9952291445607, 1843.9411669518797, 2397.628691718844, 2115.3929741621623, 1536.9954693167158, 1597.5459789614924, 2217.461010958862, 1841.9807876228294, 1730.7913849747124, 2305.7656986271263, 2493.725181989202, 1752.5463291603241, 2113.910332598383, 1540.30193716059, 1983.2753687790412, 2470.0301484712527, 1922.8826791568506, 1717.4048965389877, 2020.290567264035, 1717.7171452397217, 2179.8065255348483, 1839.2322952645957, 1860.6155536088806, 1895.9094766824649, 2454.888746416156]
All variety: [0.0, 140.0, 10.0, 0.0, 20.0, 10.0, 10.0, 0.0, 0.0, 10.0, 20.0, 0.0, 10.0, 20.0, 10.0, 0.0, 30.0, 0.0, 40.0, 10.0, 20.0, 30.0, 0.0, 10.0, 0.0, 0.0, 20.0, 10.0, 30.0, 0.0, 10.0, 120.0, 0.0, 0.0, 40.0, 30.0, 0.0, 10.0, 0.0, 10.0, 0.0, 20.0, 0.0, 30.0, 20.0, 0.0, 10.0, 20.0, 140.0, 130.0, 0.0, 0.0, 20.0, 0.0, 10.0, 20.0, 0.0, 10.0, 0.0, 10.0, 40.0, 30.0, 0.0, 10.0, 20.0, 10.0, 0.0, 20.0, 0.0, 140.0, 20.0, 0.0, 10.0, 10.0, 0.0, 130.0, 0.0, 120.0, 30.0, 10.0, 0.0]
All execution times: [5.88523006439209, 5.8121747970581055, 5.841575860977173, 5.832829713821411, 5.899993896484375, 5.8493452072143555, 5.685856580734253, 5.7767486572265625, 5.85402512550354, 5.970433950424194, 5.906840801239014, 5.764467716217041, 5.810328245162964, 5.753933429718018, 5.808796405792236, 5.762177467346191, 5.765393495559692, 6.079834461212158, 5.958897113800049, 5.9564619064331055, 5.871327638626099, 5.812079429626465, 5.891990900039673, 5.70301628112793, 5.929539680480957, 5.845985651016235, 5.906959056854248, 6.09084153175354, 6.069452285766602, 5.790424108505249]