NSGA-II - Instancia 2 - AE 11 - Row Crossover            
Fitness objective:
    Median: 1649.9871610100463
    Max: 2321.1231435344366
    Min: 1064.8862819149224
    Std. Dev.: 253.8676673154315
                    
Variety objective:
    Median: 10.0
    Max: 140.0
    Min: 0.0
    Std. Dev.: 35.256719436613764

Execution times:
    Median: 6.572646737098694
    Max: 6.95701789855957
    Min: 6.416695833206177
    Std. Dev.: 0.1320036572533418
                    
Algorithm data:
    Algorithm: NSGA-II
    Executions: 30
    Population size: 100
    Offspring population size: 2
    Mutation probability: 0.3
    Crossover probability: 0.3
    Probability of parent: 0.25
    Number of evaluations: 1000
    Execution time: 6.54445743560791
                    
Problem data:
    Number of days: 7
    Number of meals: 4
    Max portions: 4
                    
Model objective:
    Calories: 1704.0
    Protein: 128.0
    Carbs: 170.0
    Fat: 57.0
                    
Model Hiperparameters:
    Alpha: 1.0
    Beta: 1.0
    Gamma: 0.75
    Delta: 100.0
    Sigma: 10.0
                    
All fitness: [1438.133386522765, 1545.8989426320938, 1696.25602528203, 1751.1657765819245, 1879.621890399841, 2142.1327951892436, 1749.9629161016985, 1512.3026209597658, 1651.2220288884123, 1634.3624060382242, 1732.32249735828, 1340.1893895012158, 1714.9423590394674, 1155.982203048815, 1199.3732512149857, 1385.1141059520207, 1769.0394449601322, 1773.8308436088437, 1920.774949618061, 1465.401985964678, 1064.8862819149224, 1595.5012923790307, 1677.713813975568, 1695.6882539668065, 1734.3767335951518, 1661.226038399324, 1449.143866898276, 1673.6094940748706, 1405.1937408584415, 1657.9413411258752, 1275.5429877912165, 2169.507284292027, 1616.1286291307129, 1755.0261932469853, 2155.985031636724, 1538.3473150763093, 1711.1289922380636, 1891.8288429294078, 1515.5481312619747, 2038.3770145746091, 1848.683084260415, 1910.9342104232685, 1843.0754585373509, 1371.599846026349, 1613.1894933625872, 1923.1024700798691, 1687.1463316416296, 1506.727798698753, 1148.1842945615865, 1102.2978016895295, 1485.4014342560665, 1634.6094576317873, 1200.1190795155271, 1778.9094245000158, 1853.2896872050833, 1657.147620440376, 1698.249910593323, 1689.5837380229107, 1557.9308497823135, 1343.9579882529256, 1603.0983783327815, 1595.443451496536, 2321.1231435344366, 1374.4319967944132, 1648.7522931316803, 1324.443493459585, 1594.2844312531247, 1648.3470355428676, 1863.2274782845348, 1377.7370345863521, 1424.6167263697494, 1903.5860330401408]
All variety: [120.0, 20.0, 0.0, 0.0, 10.0, 0.0, 20.0, 130.0, 30.0, 30.0, 0.0, 10.0, 0.0, 140.0, 20.0, 10.0, 0.0, 0.0, 0.0, 10.0, 10.0, 0.0, 110.0, 10.0, 0.0, 120.0, 0.0, 0.0, 20.0, 0.0, 10.0, 0.0, 10.0, 10.0, 0.0, 30.0, 0.0, 0.0, 10.0, 0.0, 30.0, 0.0, 10.0, 30.0, 10.0, 0.0, 0.0, 10.0, 20.0, 30.0, 10.0, 0.0, 20.0, 10.0, 0.0, 120.0, 20.0, 0.0, 20.0, 120.0, 0.0, 10.0, 0.0, 40.0, 10.0, 0.0, 20.0, 0.0, 0.0, 10.0, 10.0, 0.0]
All execution times: [6.752057075500488, 6.484875917434692, 6.423380613327026, 6.584597826004028, 6.538469552993774, 6.708847999572754, 6.658199787139893, 6.59874963760376, 6.536919355392456, 6.61131739616394, 6.653033494949341, 6.789278984069824, 6.763099670410156, 6.5745155811309814, 6.536470651626587, 6.516994953155518, 6.516613721847534, 6.446646690368652, 6.8975279331207275, 6.95701789855957, 6.570777893066406, 6.621329069137573, 6.508899927139282, 6.416695833206177, 6.499311447143555, 6.577910900115967, 6.423907518386841, 6.491290330886841, 6.695587873458862, 6.54445743560791]