NSGA-II - Instancia 2 - AE 12 - Row Crossover            
Fitness objective:
    Median: 2050.919438719622
    Max: 2623.531914702673
    Min: 1473.680612507552
    Std. Dev.: 253.9495182378105
                    
Variety objective:
    Median: 10.0
    Max: 350.0
    Min: 0.0
    Std. Dev.: 58.38916905097057

Execution times:
    Median: 6.609245657920837
    Max: 7.071507215499878
    Min: 6.431300401687622
    Std. Dev.: 0.16042658297703818
                    
Algorithm data:
    Algorithm: NSGA-II
    Executions: 30
    Population size: 100
    Offspring population size: 2
    Mutation probability: 0.5
    Crossover probability: 0.3
    Crossover type: Row Crossover
    Probability of parent: 0.25
    Number of evaluations: 1000
    Execution time: 6.909881830215454
                    
Problem data:
    Number of days: 7
    Number of meals: 4
    Max portions: 4
                    
Model objective:
    Calories: 1704.0
    Protein: 128.0
    Carbs: 170.0
    Fat: 57.0
                    
Model Hiperparameters:
    Alpha: 1.0
    Beta: 1.0
    Gamma: 0.75
    Delta: 100.0
    Sigma: 10.0
                    
All fitness: [1473.680612507552, 2376.6139267881103, 1816.94084604654, 2026.446588352195, 2304.028798059838, 2058.6855559159267, 2116.3328178874376, 2121.25187821809, 2258.961594520538, 1840.666323583277, 1925.178836310382, 1878.2544313224387, 2442.9287814023446, 2092.129554136522, 2182.889195326101, 1830.180966871459, 2135.6852895466186, 2425.7475796872945, 1765.9456792497958, 2102.915494482445, 2082.583381261869, 2079.745272193457, 2080.600893769954, 1987.123193377938, 2204.239623266881, 2312.124461355184, 2062.671008118617, 1853.0037617488608, 2034.8532855433157, 1985.4565909756584, 2176.539601946398, 2553.426611063407, 2011.8104183574364, 1637.6031676779407, 1955.9139724898691, 1881.2274984741523, 2353.980855149038, 1781.9350993036558, 1998.5779470728141, 1649.188299808319, 2062.243885365955, 1877.7786251095672, 2018.3812819178968, 2380.069031095823, 2245.2410557222543, 1699.9288997854312, 1947.2622657069585, 1835.3392134411597, 2052.0648291876605, 2148.2671493715316, 1805.5895573232024, 2054.2515588621254, 2403.6930828519717, 1857.0050685570443, 2230.1653023165154, 1852.5579328798503, 2049.7740482515833, 2350.230620076768, 2333.606616943037, 1666.5509656834065, 1959.9716537513511, 2330.452074802421, 1772.4179962155292, 1768.0132921723873, 2262.9889166066773, 1652.6267871887105, 1514.2069760386682, 2041.840234919951, 2061.0692068862963, 1819.0792471682917, 2616.557036203056, 2201.8674276792194, 2120.856677364764, 1562.0556462694512, 1993.491231808564, 2215.265600026791, 2623.531914702673, 1827.0916280622027, 2088.955107250161, 1501.9865935748512, 1653.2234572762884, 2069.5839487540497]
All variety: [10.0, 0.0, 50.0, 0.0, 0.0, 140.0, 120.0, 10.0, 0.0, 10.0, 0.0, 10.0, 0.0, 20.0, 10.0, 0.0, 20.0, 0.0, 0.0, 0.0, 10.0, 110.0, 20.0, 120.0, 10.0, 0.0, 20.0, 350.0, 10.0, 20.0, 0.0, 0.0, 10.0, 20.0, 10.0, 20.0, 0.0, 10.0, 0.0, 20.0, 10.0, 140.0, 20.0, 0.0, 0.0, 10.0, 20.0, 120.0, 10.0, 0.0, 0.0, 20.0, 0.0, 40.0, 10.0, 240.0, 30.0, 0.0, 10.0, 20.0, 10.0, 0.0, 20.0, 0.0, 0.0, 10.0, 230.0, 10.0, 0.0, 20.0, 0.0, 10.0, 0.0, 20.0, 10.0, 10.0, 0.0, 20.0, 0.0, 10.0, 10.0, 0.0]
All execution times: [6.563394546508789, 6.464099407196045, 6.619034767150879, 6.483016490936279, 6.721719026565552, 6.599456548690796, 6.783733129501343, 6.431300401687622, 6.516047716140747, 6.813317537307739, 6.455882549285889, 6.714199066162109, 6.676160097122192, 6.558884143829346, 6.555236339569092, 6.546148061752319, 6.559894323348999, 6.693465232849121, 6.701786041259766, 6.477331638336182, 6.538737058639526, 6.7066919803619385, 6.977679967880249, 7.071507215499878, 6.928590774536133, 6.572812557220459, 6.58842921257019, 6.636950731277466, 6.772637128829956, 6.909881830215454]