NSGA-II - Instancia 2 - AE 3 - Column Crossover            
Fitness objective:
    Median: 1985.006522971135
    Max: 2589.4029200859454
    Min: 1214.6807975523918
    Std. Dev.: 288.07739132524415
                    
Variety objective:
    Median: 10.0
    Max: 150.0
    Min: 0.0
    Std. Dev.: 31.610455772219165

Execution times:
    Median: 6.70076322555542
    Max: 6.991290092468262
    Min: 6.534679412841797
    Std. Dev.: 0.11009794411424699
                    
Algorithm data:
    Algorithm: NSGA-II
    Executions: 30
    Population size: 100
    Offspring population size: 2
    Mutation probability: 0.5
    Crossover probability: 0.3
    Crossover type: Column Crossover
    Probability of parent: 0.25
    Number of evaluations: 1000
    Execution time: 6.5716447830200195
                    
Problem data:
    Number of days: 7
    Number of meals: 4
    Max portions: 4
                    
Model objective:
    Calories: 1704.0
    Protein: 128.0
    Carbs: 170.0
    Fat: 57.0
                    
Model Hiperparameters:
    Alpha: 1.0
    Beta: 1.0
    Gamma: 0.75
    Delta: 100.0
    Sigma: 10.0
                    
All fitness: [1975.1045600402056, 2219.0232455470414, 1675.0200950138455, 2199.32631815211, 2152.596177807291, 2243.833176618663, 1641.8539863470432, 2320.319442510782, 1626.9274110841354, 2273.5928064126897, 2376.8451736419597, 1823.5182085142358, 2262.174853545349, 1970.4070114206165, 2422.70912681009, 2103.4883841624783, 1864.1798024048953, 1884.2719089874054, 2169.9439934872707, 2409.7743722234145, 1592.4858121009006, 2344.1646026626972, 2035.6194577336137, 1876.3567173735782, 1989.7221687886702, 2088.012788957113, 1900.0543213360645, 2046.0511479959544, 2018.6065367985657, 1778.9138346788811, 2043.8039316354693, 1709.7905236022943, 2589.4029200859454, 1792.618687682667, 1892.1836353384238, 2014.321226045406, 1982.8133671298472, 1810.4854045411996, 2325.3090348650144, 1949.2286212509687, 1984.7685166206875, 1446.0926087311143, 2327.7840097478975, 1985.2445293215821, 1680.287842117715, 1778.261867624283, 2011.4510858397464, 2080.3977822827696, 2238.2190650592343, 2207.330542847989, 1751.7711941215496, 2391.0348991241704, 1324.2672230895741, 1214.6807975523918, 2285.999514649273, 1884.9485632888639, 1860.6802950336776, 1693.7518107564092, 2042.4858867486325, 1965.6470584856413, 2218.059707837676, 2012.2059111129006, 2003.988288477767, 1662.629318113167, 1945.454197362524, 1501.5493906008458, 1778.0030684473086, 2245.197846653037, 2263.3192529516905, 1787.3787980651591, 1331.8028329938272, 1903.9166549570807, 2510.517542227978, 1907.8303071418388, 2492.3750895705994, 1590.2447423661474]
All variety: [10.0, 0.0, 0.0, 10.0, 20.0, 0.0, 30.0, 10.0, 30.0, 20.0, 0.0, 30.0, 0.0, 10.0, 0.0, 10.0, 30.0, 20.0, 10.0, 0.0, 20.0, 0.0, 10.0, 20.0, 30.0, 0.0, 0.0, 0.0, 30.0, 120.0, 0.0, 10.0, 0.0, 20.0, 10.0, 0.0, 10.0, 30.0, 0.0, 20.0, 0.0, 30.0, 0.0, 20.0, 20.0, 0.0, 20.0, 0.0, 0.0, 10.0, 10.0, 0.0, 130.0, 0.0, 0.0, 20.0, 20.0, 140.0, 0.0, 10.0, 0.0, 0.0, 110.0, 20.0, 0.0, 30.0, 10.0, 0.0, 0.0, 20.0, 30.0, 10.0, 0.0, 20.0, 10.0, 150.0]
All execution times: [6.81281304359436, 6.6131370067596436, 6.6405534744262695, 6.534679412841797, 6.650739431381226, 6.740206956863403, 6.764164686203003, 6.642531871795654, 6.686729669570923, 6.72460675239563, 6.548784017562866, 6.795475959777832, 6.600304841995239, 6.6667280197143555, 6.739579439163208, 6.7688353061676025, 6.551050186157227, 6.592337369918823, 6.607934474945068, 6.66107702255249, 6.860023736953735, 6.714796781539917, 6.656309366226196, 6.7731077671051025, 6.735039472579956, 6.940218925476074, 6.991290092468262, 6.788927793502808, 6.78200888633728, 6.5716447830200195]