NSGA-II - Instancia 2 - AE 15 - Row Crossover            
Fitness objective:
    Median: 1960.1013354951233
    Max: 2554.2751335155835
    Min: 855.4761593491833
    Std. Dev.: 304.07994363681007
                    
Variety objective:
    Median: 10.0
    Max: 220.0
    Min: 0.0
    Std. Dev.: 46.01923063467074

Execution times:
    Median: 5.988518118858337
    Max: 6.240772008895874
    Min: 5.813765525817871
    Std. Dev.: 0.13312231597747975
                    
Algorithm data:
    Algorithm: NSGA-II
    Executions: 30
    Population size: 100
    Offspring population size: 2
    Mutation probability: 0.5
    Crossover probability: 0.
    Crossover type: Row Crossover
    Probability of parent: 0.25
    Number of evaluations: 1000
    Execution time: 6.068876028060913
                    
Problem data:
    Number of days: 7
    Number of meals: 4
    Max portions: 4
                    
Model objective:
    Calories: 1704.0
    Protein: 128.0
    Carbs: 170.0
    Fat: 57.0
                    
Model Hiperparameters:
    Alpha: 1.0
    Beta: 1.0
    Gamma: 0.75
    Delta: 100.0
    Sigma: 10.0
                    
All fitness: [2022.4826214795198, 1734.7864341958652, 2003.325116307586, 855.4761593491833, 2102.9956539859886, 1879.2745072607988, 2176.8677558420823, 1541.8266182791078, 1986.64255722615, 2027.8168266089835, 1903.100895682795, 2336.883145890185, 1769.1583287361761, 1697.5335154727752, 1711.785334822643, 2321.0095605162423, 1943.3088009692137, 2278.435311110583, 2014.986667820823, 1869.3836816145188, 2331.3228006921026, 1851.0063847089907, 1967.621445211627, 1072.6948070875824, 1739.3162170894436, 2388.561486308537, 1805.6380992853938, 2431.103207531837, 1986.8815103495506, 2025.5549193580518, 2206.62228748675, 1824.0982222671084, 1794.4239968255374, 2143.158581148035, 1730.3600700998147, 1964.148457158771, 1845.5702849947497, 2332.0203945627, 2554.2751335155835, 1770.6054136475784, 2122.167460634525, 1714.4749620416858, 1806.3405060547593, 2066.10537933669, 1233.4707212482501, 2314.7273146225148, 2211.966429535238, 1856.8674865029477, 2010.82900410229, 1949.1458498325453, 1575.1748160421034, 2276.9712527286965, 2232.980565660519, 2030.998335578298, 1960.1013354951233, 2024.155120593369, 1249.0130469256185, 2140.1019005266476, 2169.9284017304744, 1600.3007528894414, 1888.0253112173602, 2128.4233478386363, 1780.1091174828869, 2454.9308356059846, 2132.9759780065287, 1527.6442196479588, 1740.6259795843473, 1859.7987751173766, 1611.5350624918456, 1765.89052609174, 1680.439708778318, 2015.2614314409557, 2006.6497748779584, 1845.4720898233513, 1763.5686934297119, 2033.2296478519463, 1943.60903485871, 1354.3145537629607, 2070.901263359578]
All variety: [0.0, 10.0, 0.0, 20.0, 0.0, 10.0, 0.0, 140.0, 20.0, 10.0, 130.0, 0.0, 10.0, 30.0, 10.0, 0.0, 10.0, 0.0, 10.0, 20.0, 0.0, 40.0, 10.0, 120.0, 110.0, 0.0, 30.0, 0.0, 140.0, 20.0, 10.0, 0.0, 20.0, 0.0, 10.0, 0.0, 10.0, 10.0, 0.0, 20.0, 0.0, 10.0, 30.0, 20.0, 140.0, 0.0, 0.0, 150.0, 10.0, 120.0, 0.0, 0.0, 10.0, 0.0, 20.0, 10.0, 10.0, 0.0, 0.0, 10.0, 20.0, 10.0, 140.0, 0.0, 0.0, 10.0, 0.0, 0.0, 220.0, 20.0, 20.0, 0.0, 0.0, 10.0, 40.0, 0.0, 30.0, 10.0, 0.0]
All execution times: [6.228358507156372, 6.143854141235352, 6.166092395782471, 5.983712673187256, 5.925940275192261, 5.971731185913086, 5.813765525817871, 6.190612316131592, 5.878826856613159, 5.884955406188965, 5.949820518493652, 5.960814714431763, 5.993323564529419, 6.240772008895874, 5.967836618423462, 5.850445985794067, 5.856739044189453, 6.217284679412842, 6.025911331176758, 5.832276344299316, 5.8777265548706055, 6.047419786453247, 5.915856838226318, 6.158496141433716, 6.151221752166748, 6.035641431808472, 6.175784111022949, 6.22756028175354, 5.9833149909973145, 6.068876028060913]