NSGA-II - Instancia 2 - AE 8 - Column Crossover            
Fitness objective:
    Median: 1688.6187401555621
    Max: 2322.4026129053345
    Min: 1134.779466733764
    Std. Dev.: 274.2221953995976
                    
Variety objective:
    Median: 10.0
    Max: 120.0
    Min: 0.0
    Std. Dev.: 28.449563008096646

Execution times:
    Median: 6.516157031059265
    Max: 7.098365068435669
    Min: 6.325052261352539
    Std. Dev.: 0.15436617786884246
                    
Algorithm data:
    Algorithm: NSGA-II
    Executions: 30
    Population size: 100
    Offspring population size: 2
    Mutation probability: 0.3
    Crossover probability: 0.8
    Probability of parent: 0.25
    Number of evaluations: 1000
    Execution time: 6.602997541427612
                    
Problem data:
    Number of days: 7
    Number of meals: 4
    Max portions: 4
                    
Model objective:
    Calories: 1704.0
    Protein: 128.0
    Carbs: 170.0
    Fat: 57.0
                    
Model Hiperparameters:
    Alpha: 1.0
    Beta: 1.0
    Gamma: 0.75
    Delta: 100.0
    Sigma: 10.0
                    
All fitness: [2322.4026129053345, 2087.497422833987, 1711.193920030011, 1718.3982400658192, 1997.506256114457, 1843.8764592004698, 1508.830221306129, 1862.8273415832452, 1974.6320154425823, 1680.6942032788284, 2166.5425255045084, 1930.4987934081103, 1254.554832895044, 1507.5015525748397, 1363.2184109656096, 1541.4705112849933, 1809.6821885662814, 1923.7420618224821, 1514.332604182973, 1484.1202035752783, 2072.51900557209, 1869.6697579198635, 1455.285185990354, 1530.0961997002232, 1291.264198669679, 1472.3487474404455, 1779.978984143712, 1134.779466733764, 2017.3147482469587, 1567.7753977642335, 1458.9319077182856, 1648.8269215378205, 1640.1171817446043, 1516.976913112262, 1905.8870088164965, 1898.6457917264568, 1639.585502919772, 1968.9750742271035, 1453.2139940031582, 1542.2039229399234, 2264.9884661163865, 1778.9742024828674, 1818.150769568339, 1286.391386439505, 2074.5652073702254, 2030.376035360976, 1481.2852731922617, 1560.3545329365954, 1774.0433364081593, 1302.0623338410142, 2093.2464712126293, 1872.0109305970852, 1968.2530465190514, 1312.3978332865152, 1891.6642735836801, 1637.1380138708053, 1772.6404286476059, 1482.5827680749298, 1246.749663479, 1526.6112203401833, 1711.2434587145226, 2151.080261100479, 1248.0491037986048, 1151.155115071881, 1517.1853397785915, 1843.7043425557806, 1981.721041931195, 1530.113110328893, 1578.7307227217987, 1688.6187401555621, 1846.7606946606504, 1718.8283032185498, 1404.2250301854533, 1689.8135071082154, 1869.6644672905982, 1642.1520007339125, 1241.0826651622694]
All variety: [0.0, 10.0, 120.0, 20.0, 0.0, 10.0, 20.0, 10.0, 0.0, 30.0, 0.0, 10.0, 10.0, 0.0, 0.0, 10.0, 0.0, 10.0, 110.0, 120.0, 0.0, 20.0, 10.0, 0.0, 30.0, 10.0, 0.0, 60.0, 0.0, 10.0, 110.0, 0.0, 0.0, 20.0, 0.0, 10.0, 20.0, 0.0, 20.0, 10.0, 0.0, 10.0, 10.0, 40.0, 0.0, 0.0, 120.0, 10.0, 0.0, 10.0, 0.0, 10.0, 0.0, 10.0, 0.0, 30.0, 10.0, 10.0, 30.0, 0.0, 10.0, 0.0, 20.0, 10.0, 0.0, 10.0, 0.0, 20.0, 0.0, 10.0, 0.0, 0.0, 20.0, 10.0, 0.0, 20.0, 30.0]
All execution times: [6.573112964630127, 6.425136566162109, 6.5350213050842285, 6.440340757369995, 6.325052261352539, 6.455905199050903, 6.4026429653167725, 6.407606601715088, 6.480354070663452, 6.45822548866272, 6.4280242919921875, 6.80130410194397, 6.6035449504852295, 6.505686521530151, 6.443159341812134, 6.536592483520508, 6.411165714263916, 6.632554292678833, 6.446921110153198, 6.569318056106567, 7.098365068435669, 6.835799217224121, 6.609088182449341, 6.46260929107666, 6.526627540588379, 6.438513994216919, 6.569905757904053, 6.648633718490601, 6.696170091629028, 6.602997541427612]