NSGA-II - Instancia 2 - AE 6 - Column Crossover            
Fitness objective:
    Median: 1936.750093223457
    Max: 2733.8088260073782
    Min: 1388.3404801667562
    Std. Dev.: 266.7482080310579
                    
Variety objective:
    Median: 10.0
    Max: 250.0
    Min: 0.0
    Std. Dev.: 47.227991255770924

Execution times:
    Median: 6.626593708992004
    Max: 7.953461408615112
    Min: 6.359574794769287
    Std. Dev.: 0.36169510528191173
                    
Algorithm data:
    Algorithm: NSGA-II
    Executions: 30
    Population size: 100
    Offspring population size: 2
    Mutation probability: 0.5
    Crossover probability: 0.5
    Probability of parent: 0.25
    Number of evaluations: 1000
    Execution time: 7.539012670516968
                    
Problem data:
    Number of days: 7
    Number of meals: 4
    Max portions: 4
                    
Model objective:
    Calories: 1704.0
    Protein: 128.0
    Carbs: 170.0
    Fat: 57.0
                    
Model Hiperparameters:
    Alpha: 1.0
    Beta: 1.0
    Gamma: 0.75
    Delta: 100.0
    Sigma: 10.0
                    
All fitness: [2085.0602887353257, 2018.4051050452201, 2293.7713732811517, 1470.4973659741838, 1672.660495849574, 1934.1579462688328, 1904.697370225043, 2097.3300142895805, 1751.0831543835752, 1924.0733158539801, 2246.9879476569586, 2186.2586800356685, 1802.3146726537914, 2228.3295113425884, 1701.1977456627453, 1905.544488442132, 2151.8591303043404, 1881.5996018454566, 1853.6305759420175, 1953.1819876333498, 2066.8094760319323, 1963.409668324701, 1679.1533709996731, 2023.0986062319182, 1958.8285549935854, 2007.771799414615, 2066.6625727893816, 1921.5393945486007, 2258.1225796941712, 2060.970386764316, 2197.845126959195, 1790.9564132237842, 2509.033800437882, 1853.009004345828, 1907.5761171085967, 1901.6814829044313, 1477.458841448238, 2205.1096430532143, 1476.8264935819577, 1845.1936700091298, 2305.5831677708024, 1769.1075350341216, 1874.66018180938, 2099.698531567355, 2214.954868432477, 1388.3404801667562, 1711.6116836527208, 2460.695314206407, 2074.821238291557, 1786.5603109122806, 1955.8112772677155, 2173.6894655522588, 1936.750093223457, 2733.8088260073782, 2175.7154788412886, 2381.4354707132147, 1850.588615987283, 2502.8688659184827, 1773.9794456476498, 1537.9603625412121, 1957.5449915529925, 1721.4734130701206, 1744.9902835710477, 1757.2622464527583, 1667.251268460394, 1691.827698816131, 2529.195631681835, 2202.577162303514, 2160.4804647398687, 1864.039482073407, 1535.1419258962903, 2188.756165455098, 1921.6267760899777, 1569.7724841701406, 1545.842914834596, 2044.8640592940476, 1707.8574040365345, 2186.5353540510882, 1967.289856489664, 1903.2750600837749, 1975.7307223611683]
All variety: [10.0, 110.0, 0.0, 30.0, 20.0, 0.0, 0.0, 20.0, 140.0, 40.0, 0.0, 0.0, 10.0, 0.0, 10.0, 20.0, 0.0, 140.0, 130.0, 0.0, 0.0, 10.0, 20.0, 0.0, 110.0, 60.0, 10.0, 20.0, 0.0, 20.0, 10.0, 120.0, 0.0, 0.0, 10.0, 20.0, 40.0, 0.0, 0.0, 10.0, 0.0, 20.0, 0.0, 20.0, 0.0, 30.0, 110.0, 0.0, 10.0, 20.0, 30.0, 0.0, 50.0, 0.0, 10.0, 0.0, 10.0, 0.0, 50.0, 140.0, 10.0, 30.0, 20.0, 0.0, 40.0, 0.0, 0.0, 10.0, 30.0, 0.0, 140.0, 0.0, 10.0, 30.0, 130.0, 10.0, 250.0, 0.0, 20.0, 10.0, 0.0]
All execution times: [6.808138132095337, 6.7069385051727295, 6.688047409057617, 6.5402305126190186, 6.844454288482666, 6.674160003662109, 6.644255876541138, 6.493213415145874, 6.567302703857422, 6.575926780700684, 6.580546140670776, 6.608931541442871, 6.75265097618103, 6.580019474029541, 6.504701852798462, 6.359574794769287, 6.5351598262786865, 6.606639623641968, 6.533777713775635, 6.549556016921997, 7.741059303283691, 6.918105363845825, 6.6841771602630615, 6.520469427108765, 6.445711612701416, 6.840860605239868, 6.728139162063599, 6.931099891662598, 7.953461408615112, 7.539012670516968]