NSGA-II - Instancia 2 - AE 16 - Row Crossover            
Fitness objective:
    Median: 818.2326574516283
    Max: 1305.342489559602
    Min: 423.33429323418477
    Std. Dev.: 174.19768351111117
                    
Variety objective:
    Median: 10.0
    Max: 140.0
    Min: 0.0
    Std. Dev.: 30.487593104955554

Execution times:
    Median: 6.010091543197632
    Max: 6.192707538604736
    Min: 5.672365427017212
    Std. Dev.: 0.13065985623661056
                    
Algorithm data:
    Algorithm: NSGA-II
    Executions: 30
    Population size: 100
    Offspring population size: 2
    Mutation probability: 0.1
    Crossover probability: 0.8
    Probability of parent: 0.25
    Number of evaluations: 1000
    Execution time: 5.892652988433838
                    
Problem data:
    Number of days: 7
    Number of meals: 4
    Max portions: 4
                    
Model objective:
    Calories: 1704.0
    Protein: 128.0
    Carbs: 170.0
    Fat: 57.0
                    
Model Hiperparameters:
    Alpha: 1.0
    Beta: 1.0
    Gamma: 0.75
    Delta: 100.0
    Sigma: 10.0
                    
All fitness: [824.3786183543707, 740.1594498663375, 951.701517917163, 1065.2603453617346, 980.4243791285924, 546.2397572375529, 472.7285663558282, 757.4468374899453, 681.1776396122326, 744.2177139286318, 757.160215507482, 831.2282454234373, 912.5613772387519, 631.0081144123012, 859.8525910091631, 620.4602256073701, 473.8478625444368, 981.364427983824, 689.194080887313, 961.185805927545, 975.7481662708815, 802.721986808847, 871.2077684811767, 711.5883998169375, 844.3024072541334, 725.6613443845173, 773.6974171905306, 853.9974818403597, 690.0460625285235, 742.0910436787375, 781.6012949995633, 775.8623502436068, 835.7062735912499, 848.4170554807912, 667.9256531984282, 677.0760947776403, 959.5845491542052, 1007.3636984797928, 818.2326574516283, 745.0004872535333, 904.7593427441266, 930.4507210562339, 537.1976073854057, 582.1805552858599, 1153.9714548932836, 1160.905185311952, 847.9350334728075, 1185.8058508004792, 998.860454993762, 873.188103759171, 855.854982904017, 720.6255638546482, 912.350013826836, 760.8524986030378, 620.5355771268926, 904.9944454094493, 423.33429323418477, 664.9949531051951, 999.7113466595141, 1305.342489559602, 916.5450369312866, 999.0900293011008, 835.5439265625388, 630.3916298833914, 691.9434765439025, 799.8550930486645, 716.1657741519333, 709.877139702494, 909.8241950364467, 517.5778331542303, 1211.3452464590168, 999.034471165134, 903.9778066255736, 751.247910045846, 804.6895753195679]
All variety: [10.0, 20.0, 0.0, 0.0, 10.0, 10.0, 20.0, 0.0, 30.0, 10.0, 0.0, 10.0, 0.0, 20.0, 0.0, 20.0, 30.0, 0.0, 10.0, 10.0, 0.0, 30.0, 20.0, 20.0, 0.0, 10.0, 10.0, 0.0, 20.0, 0.0, 20.0, 120.0, 0.0, 0.0, 10.0, 10.0, 0.0, 0.0, 50.0, 140.0, 40.0, 10.0, 10.0, 0.0, 10.0, 0.0, 120.0, 0.0, 10.0, 20.0, 10.0, 20.0, 0.0, 0.0, 10.0, 0.0, 20.0, 10.0, 10.0, 0.0, 130.0, 20.0, 0.0, 0.0, 10.0, 0.0, 0.0, 20.0, 0.0, 0.0, 0.0, 20.0, 110.0, 10.0, 0.0]
All execution times: [6.192707538604736, 5.987956285476685, 5.84083890914917, 6.040436267852783, 6.032226800918579, 6.061987400054932, 5.928211450576782, 6.0958943367004395, 6.112551212310791, 5.84643292427063, 5.672365427017212, 6.033858776092529, 5.943932056427002, 6.134581089019775, 6.0680694580078125, 6.0499107837677, 5.845577716827393, 6.085443735122681, 5.9213573932647705, 5.903135776519775, 5.77431583404541, 5.79962420463562, 5.8238866329193115, 5.783456087112427, 6.070308685302734, 6.1004345417022705, 6.082119464874268, 5.806814193725586, 6.057654619216919, 5.892652988433838]