NSGA-II - Instancia 2 - AE 10 - Row Crossover            
Fitness objective:
    Median: 840.0872276635679
    Max: 1339.0384637790958
    Min: 539.7546897403802
    Std. Dev.: 154.97836985990983
                    
Variety objective:
    Median: 10.0
    Max: 120.0
    Min: 0.0
    Std. Dev.: 30.352341729057745

Execution times:
    Median: 6.629764080047607
    Max: 6.97942328453064
    Min: 6.395216464996338
    Std. Dev.: 0.14376690831713246
                    
Algorithm data:
    Algorithm: NSGA-II
    Executions: 30
    Population size: 100
    Offspring population size: 2
    Mutation probability: 0.1
    Crossover probability: 0.3
    Probability of parent: 0.25
    Number of evaluations: 1000
    Execution time: 6.8058271408081055
                    
Problem data:
    Number of days: 7
    Number of meals: 4
    Max portions: 4
                    
Model objective:
    Calories: 1704.0
    Protein: 128.0
    Carbs: 170.0
    Fat: 57.0
                    
Model Hiperparameters:
    Alpha: 1.0
    Beta: 1.0
    Gamma: 0.75
    Delta: 100.0
    Sigma: 10.0
                    
All fitness: [639.5754316951552, 639.3883037108137, 842.5404578144306, 637.6568211992512, 650.1115356606546, 896.4085192990912, 958.5215577371862, 872.0648994437681, 878.6923932903312, 837.6339975127052, 970.414596861945, 749.9924920930376, 705.2472640954867, 734.4506378784419, 811.1191890962224, 773.2777945482684, 1064.5337266550625, 855.3796646544537, 1007.7240590204631, 1339.0384637790958, 721.5452840965075, 624.1965579742185, 745.0696235902254, 729.3431119771207, 957.3523660092703, 860.5155566005986, 936.08475977431, 834.381133598912, 855.282817684039, 821.7443130189702, 999.95384839577, 799.5758616305826, 972.1712451146216, 821.2163362002232, 903.7350614342417, 895.8768642246484, 786.5191465486508, 833.7996702347738, 631.1358416858658, 902.5075412037586, 1029.7359043511542, 844.88623488847, 929.5549687791637, 667.222436812358, 580.0641117412298, 743.9970023571008, 815.2984764124087, 632.5192109145752, 898.4846866437015, 1000.990896305164, 780.4989604103062, 609.2092811043361, 1096.6605767713684, 1219.5252268600404, 1105.013659618612, 761.6182252533953, 1022.5164286184869, 945.3559236461452, 859.6128937444931, 680.3028112996467, 737.6647739160271, 866.2028871356805, 1000.3802020081364, 539.7546897403802]
All variety: [0.0, 120.0, 0.0, 20.0, 10.0, 10.0, 0.0, 20.0, 0.0, 20.0, 0.0, 0.0, 110.0, 0.0, 0.0, 10.0, 0.0, 10.0, 10.0, 0.0, 0.0, 10.0, 0.0, 10.0, 0.0, 20.0, 10.0, 10.0, 0.0, 20.0, 0.0, 30.0, 20.0, 10.0, 0.0, 0.0, 20.0, 0.0, 10.0, 10.0, 0.0, 20.0, 0.0, 0.0, 10.0, 110.0, 0.0, 120.0, 10.0, 0.0, 20.0, 0.0, 10.0, 0.0, 0.0, 30.0, 20.0, 0.0, 10.0, 120.0, 10.0, 0.0, 0.0, 0.0]
All execution times: [6.583468914031982, 6.871206760406494, 6.616309881210327, 6.798020124435425, 6.469736814498901, 6.820682764053345, 6.514127016067505, 6.48634147644043, 6.771430492401123, 6.634993314743042, 6.553430795669556, 6.6265857219696045, 6.483696937561035, 6.629622459411621, 6.395216464996338, 6.439666748046875, 6.752041339874268, 6.97942328453064, 6.740587949752808, 6.73270320892334, 6.635955810546875, 6.793752670288086, 6.629905700683594, 6.786712408065796, 6.778432130813599, 6.547945976257324, 6.593094825744629, 6.531730651855469, 6.470020294189453, 6.8058271408081055]