NSGA-II - Instancia 2 - AE 9 - Column Crossover            
Fitness objective:
    Median: 1941.0288906966248
    Max: 2582.9722351949854
    Min: 1193.8253027747362
    Std. Dev.: 265.4940526682899
                    
Variety objective:
    Median: 10.0
    Max: 230.0
    Min: 0.0
    Std. Dev.: 41.17603028798671

Execution times:
    Median: 6.6201478242874146
    Max: 6.978584289550781
    Min: 6.447614431381226
    Std. Dev.: 0.1250157320523523
                    
Algorithm data:
    Algorithm: NSGA-II
    Executions: 30
    Population size: 100
    Offspring population size: 2
    Mutation probability: 0.5
    Crossover probability: 0.8
    Probability of parent: 0.25
    Number of evaluations: 1000
    Execution time: 6.615646600723267
                    
Problem data:
    Number of days: 7
    Number of meals: 4
    Max portions: 4
                    
Model objective:
    Calories: 1704.0
    Protein: 128.0
    Carbs: 170.0
    Fat: 57.0
                    
Model Hiperparameters:
    Alpha: 1.0
    Beta: 1.0
    Gamma: 0.75
    Delta: 100.0
    Sigma: 10.0
                    
All fitness: [1727.2711071201747, 1827.7949020380406, 2064.948431162943, 1193.8253027747362, 1560.209922251222, 1685.8240314464829, 2582.9722351949854, 2130.299717368079, 1747.1479055738562, 1968.335305066739, 2420.148823487656, 2089.1125808510965, 2057.4459251818735, 2089.0540840214935, 1627.9784108321016, 1575.2121581650988, 1977.9864553436407, 1736.17901622623, 1897.3354511959312, 1761.1345547910316, 2579.0950954066525, 1813.6510642521964, 1976.0931333901754, 2272.1519738490006, 2184.5733725684154, 1963.8758574339465, 1965.6849974401275, 1932.9512117647428, 1746.8877921517055, 1925.144900416013, 2150.5763725076254, 2132.5696537907393, 1577.0154782110362, 1910.3898912819143, 1471.7627619718821, 1854.6290228938276, 1920.2262195686512, 1933.7522054637714, 1941.0288906966248, 2049.5202049036693, 1843.7244680898682, 2237.76530424715, 2162.3125098279233, 1625.4400851762255, 2124.3057708835263, 2027.4616328270884, 2259.390887932134, 2207.259724739891, 2314.81490812455, 1963.7756378215304, 1946.6910260729987, 1655.6108736843385, 1359.0337389378737, 1867.8205704892032, 1932.8029560925625, 1739.6552153572154, 1592.2518360544934, 1875.5119751981126, 1487.761444453479, 2118.8102242222985, 1854.8205512409584, 2372.186487930549, 1760.4861435056544, 1975.741841231615, 2457.4048738080096, 1711.4537103190885, 1905.9406648644172, 2146.1065648918893, 2225.7191738004944, 2492.3182213104988, 1904.5997492492345, 2025.3605625843536, 2100.384889514899, 2026.849790412379, 2126.6554045794273, 1765.2722296519644, 1830.9265602554126, 2142.4722123034244, 1905.4819757921896]
All variety: [140.0, 10.0, 0.0, 30.0, 10.0, 0.0, 0.0, 10.0, 110.0, 40.0, 0.0, 10.0, 30.0, 0.0, 20.0, 10.0, 0.0, 0.0, 0.0, 10.0, 0.0, 20.0, 10.0, 0.0, 10.0, 120.0, 20.0, 0.0, 40.0, 10.0, 0.0, 10.0, 20.0, 0.0, 130.0, 120.0, 20.0, 0.0, 20.0, 10.0, 30.0, 0.0, 0.0, 20.0, 10.0, 20.0, 0.0, 10.0, 0.0, 10.0, 230.0, 0.0, 20.0, 10.0, 0.0, 0.0, 20.0, 0.0, 10.0, 0.0, 30.0, 0.0, 130.0, 10.0, 0.0, 30.0, 10.0, 10.0, 0.0, 0.0, 30.0, 10.0, 0.0, 20.0, 0.0, 10.0, 110.0, 0.0, 10.0]
All execution times: [6.69381856918335, 6.626753807067871, 6.629262208938599, 6.447614431381226, 6.57684326171875, 6.502941846847534, 6.696336269378662, 6.703537702560425, 6.592898845672607, 6.636184930801392, 6.6246490478515625, 6.569234848022461, 6.596006155014038, 6.7976250648498535, 6.525727272033691, 6.961549282073975, 6.7567291259765625, 6.504196643829346, 6.515365362167358, 6.681549072265625, 6.4523584842681885, 6.640224456787109, 6.663262605667114, 6.754029750823975, 6.978584289550781, 6.58249831199646, 6.547386884689331, 6.499774932861328, 6.566651344299316, 6.615646600723267]