NSGA-II - Instancia 2 - AE 5 - Column Crossover            
Fitness objective:
    Median: 1681.5047908965173
    Max: 2197.1368966450204
    Min: 1191.530624813311
    Std. Dev.: 228.42456567127618
                    
Variety objective:
    Median: 10.0
    Max: 240.0
    Min: 0.0
    Std. Dev.: 35.38587288735435

Execution times:
    Median: 6.7617470026016235
    Max: 7.74303412437439
    Min: 6.590463638305664
    Std. Dev.: 0.34659586484053023
                    
Algorithm data:
    Algorithm: NSGA-II
    Executions: 30
    Population size: 100
    Offspring population size: 2
    Mutation probability: 0.3
    Crossover probability: 0.5
    Crossover type: Column Crossover
    Probability of parent: 0.25
    Number of evaluations: 1000
    Execution time: 6.91060733795166
                    
Problem data:
    Number of days: 7
    Number of meals: 4
    Max portions: 4
                    
Model objective:
    Calories: 1704.0
    Protein: 128.0
    Carbs: 170.0
    Fat: 57.0
                    
Model Hiperparameters:
    Alpha: 1.0
    Beta: 1.0
    Gamma: 0.75
    Delta: 100.0
    Sigma: 10.0
                    
All fitness: [1492.8323083232929, 1864.043226933251, 1647.8097467471225, 1266.146316084493, 2196.7610959065696, 1807.7321676581535, 1755.446884503515, 1481.4582740337928, 1708.7396599970837, 1703.1083709621091, 1992.153647109208, 1387.820212566223, 1905.9034544000692, 1718.2408575009013, 1440.607218845603, 1600.3855018733204, 1397.5663258255213, 1236.4559984202717, 1580.001388505318, 1714.6231229554999, 1722.5769062234237, 1441.9969806368586, 1476.1953248874904, 1510.3334923921832, 1426.0199025614243, 1551.7956672730827, 1851.0451787136647, 1797.3525947885596, 1683.1465463343188, 1791.2142696676115, 1414.7237508950016, 1875.9742658291693, 1958.5732462296999, 1429.4267362502, 1635.2372221423527, 1813.1546479581996, 1375.8503970525105, 1681.930274436434, 1278.7414532060457, 1583.5556524411122, 2197.1368966450204, 1923.0565386874046, 1664.3686075794824, 2017.7577318126694, 1638.1008034822073, 2043.6107345766427, 1361.1704507263664, 1484.4295812250075, 1798.0547028796666, 1812.7876015206427, 1732.1279049961706, 1608.450508147454, 1241.0457560295183, 1606.1331702619225, 1697.9268667523174, 1681.5047908965173, 1510.299691541324, 1532.8249327307376, 1672.1413378627865, 1714.4459003051222, 1734.3566394341324, 1757.793568485284, 1482.6271667111112, 1764.6783553382595, 1191.530624813311, 1556.8368155094627, 2027.3657841829927, 1433.8880244357624, 1952.6775651357805, 2097.582403330348, 1813.499341910184, 1982.5022386392827, 1882.4288317690177, 1517.9284289484492, 1436.3309719483098]
All variety: [20.0, 0.0, 10.0, 30.0, 0.0, 10.0, 20.0, 10.0, 0.0, 10.0, 0.0, 20.0, 0.0, 10.0, 120.0, 0.0, 10.0, 10.0, 0.0, 20.0, 0.0, 10.0, 0.0, 10.0, 20.0, 0.0, 0.0, 10.0, 30.0, 10.0, 20.0, 0.0, 0.0, 30.0, 20.0, 10.0, 0.0, 0.0, 10.0, 0.0, 0.0, 120.0, 240.0, 10.0, 10.0, 0.0, 0.0, 20.0, 10.0, 0.0, 0.0, 10.0, 20.0, 40.0, 0.0, 10.0, 50.0, 10.0, 0.0, 20.0, 0.0, 0.0, 10.0, 0.0, 120.0, 10.0, 0.0, 10.0, 10.0, 0.0, 30.0, 0.0, 20.0, 30.0, 0.0]
All execution times: [6.747115612030029, 6.745974779129028, 6.595193386077881, 6.66719388961792, 6.706256151199341, 6.769163608551025, 6.840195655822754, 6.668232679367065, 6.623605251312256, 6.754330396652222, 6.996957063674927, 6.713545083999634, 6.71699595451355, 6.656210660934448, 6.601541996002197, 6.638327121734619, 6.841006517410278, 7.139621734619141, 6.7194108963012695, 6.590463638305664, 6.77991509437561, 7.24022650718689, 7.74303412437439, 7.442927837371826, 7.54674220085144, 7.21519136428833, 7.409290313720703, 7.716565847396851, 7.316543340682983, 6.91060733795166]