NSGA-II - Instancia 2 - AE 4 - Column Crossover            
Fitness objective:
    Median: 846.5101602286175
    Max: 1316.5906224373166
    Min: 453.5793274650387
    Std. Dev.: 198.33364578556157
                    
Variety objective:
    Median: 10.0
    Max: 140.0
    Min: 0.0
    Std. Dev.: 32.9445019734058

Execution times:
    Median: 6.699622392654419
    Max: 7.036485195159912
    Min: 6.501155853271484
    Std. Dev.: 0.12124424470398325
                    
Algorithm data:
    Algorithm: NSGA-II
    Executions: 30
    Population size: 100
    Offspring population size: 2
    Mutation probability: 0.1
    Crossover probability: 0.5
    Probability of parent: 0.25
    Number of evaluations: 1000
    Execution time: 6.792252540588379
                    
Problem data:
    Number of days: 7
    Number of meals: 4
    Max portions: 4
                    
Model objective:
    Calories: 1704.0
    Protein: 128.0
    Carbs: 170.0
    Fat: 57.0
                    
Model Hiperparameters:
    Alpha: 1.0
    Beta: 1.0
    Gamma: 0.75
    Delta: 100.0
    Sigma: 10.0
                    
All fitness: [719.0934416365952, 1012.7156571431422, 727.2508899943265, 586.6617955932704, 861.8923612585917, 898.6309680499202, 734.0081773658852, 846.5101602286175, 662.6191370582236, 1128.5530651389086, 775.7306997293362, 453.5793274650387, 953.7758425079369, 777.6331295231982, 994.1806058521599, 797.1104356287756, 710.3856356378266, 769.5158702830083, 839.6463418494895, 727.8474074513252, 1300.103964055565, 925.4968326734329, 576.4484442900487, 817.7181361984744, 804.5828668670315, 533.3530863522433, 958.3831121593046, 852.0032094404769, 1113.8944107408563, 1053.2345726271146, 935.8368777179579, 640.6509583729464, 724.041182542317, 1014.8844710215695, 910.0368354681601, 848.6229419152318, 1307.4490084590152, 1138.642968810116, 1028.6293061030212, 1316.5906224373166, 1225.6816591877814, 717.5146526791165, 1227.4964089093116, 853.1077363887765, 730.3905042668018, 1027.3169967693373, 770.8231416989362, 906.9989060164165, 634.3706187013082, 783.2944545839028, 545.8573644597608, 1075.4578499178751, 954.8414762817584, 1078.2760728709839, 648.3130812699497, 1037.2118174537895, 807.5873492561814, 870.3854782750142, 1154.0111528872476, 543.2887285028321, 1015.2928848173119, 1142.1604899044005, 898.8222861549526, 814.4616758270803, 726.1173338883012, 722.5199918856708, 653.2052288744675, 947.2979850416216, 777.1562153101304, 716.2239327761637, 602.6256422889207]
All variety: [20.0, 0.0, 10.0, 30.0, 110.0, 0.0, 120.0, 0.0, 20.0, 0.0, 10.0, 0.0, 10.0, 120.0, 0.0, 20.0, 10.0, 0.0, 0.0, 10.0, 0.0, 10.0, 10.0, 0.0, 0.0, 0.0, 30.0, 40.0, 0.0, 20.0, 0.0, 20.0, 10.0, 0.0, 0.0, 20.0, 10.0, 30.0, 120.0, 0.0, 20.0, 0.0, 0.0, 10.0, 20.0, 0.0, 10.0, 0.0, 30.0, 10.0, 140.0, 10.0, 20.0, 0.0, 0.0, 10.0, 30.0, 20.0, 0.0, 0.0, 10.0, 0.0, 20.0, 0.0, 10.0, 10.0, 120.0, 0.0, 0.0, 0.0, 10.0]
All execution times: [6.834176063537598, 6.860839605331421, 6.805580377578735, 7.036485195159912, 6.7669947147369385, 6.626264810562134, 6.68135404586792, 6.94707989692688, 6.71853494644165, 6.771366119384766, 6.697959661483765, 6.6364874839782715, 6.731025695800781, 6.701285123825073, 6.8132500648498535, 6.737329959869385, 6.565293788909912, 6.8081374168396, 6.63260817527771, 6.6294567584991455, 6.578728914260864, 6.511329174041748, 6.638749837875366, 6.693253755569458, 6.6817467212677, 6.752484560012817, 6.62515664100647, 6.5277509689331055, 6.501155853271484, 6.792252540588379]