NSGA-II - Instancia 2 - AE 17 - Row Crossover            
Fitness objective:
    Median: 1612.202758548313
    Max: 2186.4137064352794
    Min: 1079.0689733985648
    Std. Dev.: 225.0522704863469
                    
Variety objective:
    Median: 10.0
    Max: 230.0
    Min: 0.0
    Std. Dev.: 49.25407311909201

Execution times:
    Median: 5.950300693511963
    Max: 6.174594402313232
    Min: 5.65225625038147
    Std. Dev.: 0.14087457154727037
                    
Algorithm data:
    Algorithm: NSGA-II
    Executions: 30
    Population size: 100
    Offspring population size: 2
    Mutation probability: 0.3
    Crossover probability: 0.8
    Crossover type: Row Crossover
    Probability of parent: 0.25
    Number of evaluations: 1000
    Execution time: 5.790396213531494
                    
Problem data:
    Number of days: 7
    Number of meals: 4
    Max portions: 4
                    
Model objective:
    Calories: 1704.0
    Protein: 128.0
    Carbs: 170.0
    Fat: 57.0
                    
Model Hiperparameters:
    Alpha: 1.0
    Beta: 1.0
    Gamma: 0.75
    Delta: 100.0
    Sigma: 10.0
                    
All fitness: [1599.6794091208185, 1648.842585688596, 2014.6314749069857, 1573.6538147489962, 1875.089683162679, 1498.61850346144, 1462.2089216172824, 1372.629546623603, 1915.9751733788125, 1891.933838140588, 2186.4137064352794, 1561.3029287758063, 1654.0144044738295, 1145.9868398367398, 1551.1495917017373, 1651.2882021360535, 1549.9919723121388, 1776.0542314397528, 2157.9363092674243, 1672.5763084687512, 1506.128346219877, 1444.3773244002723, 1523.2139049813034, 1514.5801781541843, 1599.9969262390798, 1429.2953397178335, 1787.025559379032, 1270.4699617371539, 1588.0454819722786, 1886.7131898560044, 1689.6088625661143, 1597.459991300909, 1400.4052045687572, 1146.2589137384216, 1708.9234420317543, 1770.9672994168957, 1978.565213383168, 1572.4820722240693, 1741.1504930567426, 1749.4827206650143, 1534.9871583988393, 1432.9975594696225, 1643.5170265627796, 1194.6725432370458, 1720.265728324995, 1392.3318170393761, 1875.4839423511194, 1610.6511061494114, 1733.195117575143, 1715.810489358467, 1441.6243459767804, 1742.8449779228533, 1567.052390878001, 1733.6209255789279, 1799.1595452712677, 1206.3089847918468, 1510.798054157528, 1474.7986318648934, 1502.6056644872747, 1571.947718694009, 1524.3960608102745, 1761.0259408482302, 1736.9246869002282, 1865.0249556605904, 1664.939504931768, 1638.3782986150052, 1269.7437187638952, 1741.322930889128, 1791.4038341989417, 1678.1178838913715, 1118.1437331013651, 1697.2072927812726, 1420.4329791953737, 1079.0689733985648, 1616.610958505003, 1613.7544109472149, 1448.8604586344734, 2019.5408140979168, 1883.4759406939027, 1638.1202903417766, 1420.9199181565382, 1384.1339174397613, 2035.427090563645, 1481.2097899362577]
All variety: [30.0, 20.0, 0.0, 40.0, 10.0, 0.0, 10.0, 0.0, 10.0, 20.0, 0.0, 10.0, 0.0, 50.0, 30.0, 10.0, 30.0, 0.0, 0.0, 10.0, 0.0, 20.0, 0.0, 10.0, 0.0, 40.0, 10.0, 40.0, 30.0, 0.0, 20.0, 0.0, 10.0, 20.0, 0.0, 10.0, 0.0, 150.0, 40.0, 0.0, 10.0, 20.0, 10.0, 120.0, 0.0, 20.0, 0.0, 10.0, 0.0, 30.0, 220.0, 0.0, 10.0, 10.0, 0.0, 130.0, 120.0, 10.0, 0.0, 30.0, 130.0, 10.0, 20.0, 0.0, 0.0, 0.0, 0.0, 130.0, 0.0, 230.0, 30.0, 0.0, 130.0, 140.0, 0.0, 10.0, 20.0, 0.0, 10.0, 20.0, 40.0, 120.0, 0.0, 10.0]
All execution times: [6.058393478393555, 6.060015916824341, 5.887980937957764, 5.955860376358032, 6.174594402313232, 5.729562997817993, 6.08197021484375, 5.97474479675293, 5.65225625038147, 5.95137619972229, 5.742916107177734, 5.99125075340271, 6.138647794723511, 6.09706974029541, 6.0253212451934814, 6.134695053100586, 5.78787636756897, 5.949225187301636, 6.053182125091553, 5.768110513687134, 5.869974613189697, 5.731770992279053, 5.856660842895508, 5.718704700469971, 5.913161516189575, 5.905462265014648, 6.000913381576538, 6.01720929145813, 5.841490983963013, 5.790396213531494]